y,y_alt,d,z1,z2,z3,c1,c2,grp
0.44185423089628617,-0.176038219852388,0.5810895121302776,-1.8933192062747974,1.1661426084863347,0.32318872568300316,1.5435589250856914,0.6179348742516887,29
-0.82714922962101,-0.48086991417343344,0.3762955620949111,0.03869476058896213,-0.5394477611034115,-0.2491646207817935,-1.2320880556502982,-0.33208111730143286,33
2.279157612759189,2.2005285882580488,-0.5540462440173886,-1.216437591362461,-1.4178233665882463,-0.14174415909393212,-1.126902955351076,0.05658348150412383,33
0.13967226289396772,0.2907624406110173,0.8036119627788398,-1.6862385669071223,0.8096342852909915,1.0852719729215612,-0.5135650772534425,1.5352798123749178,26
-3.4097931366353342,-4.201334760686692,-6.012538792257299,-3.470254846431023,-1.5824537910851646,0.2427181886277038,2.021124245958746,-1.3045190930514516,43
-1.8230166409068707,-2.5790541641584865,-1.9286545024501789,0.18270173932775943,0.08232743962954087,0.3929758686521906,1.5387500849830298,-0.5292526650877329,37
0.7006259995439807,0.7549991138285745,1.1958727629103463,0.7178308593058623,0.837449431000166,1.7616634384009313,-1.103349341914815,-0.1812515880701038,40
-0.5009016264130057,-0.6082704520609516,0.07253045730935315,-0.0012958957045547232,0.8358412139192843,-1.6505947119866256,-0.4626836827642669,-1.8279548665767738,27
-0.04359943494013585,-0.7135345668052891,-0.18609977989339943,-0.15887980100367213,-1.246813182942021,1.3663171464654922,0.5454710829535874,-1.111470264827157,23
-2.378708430105543,-2.7821916820214083,3.330683770944722,2.308278467160806,0.5150316291157019,-1.326898667999896,0.0654454595766408,1.1005842448162182,24
2.255352926933337,2.6446249677810836,2.1513574018639416,-0.13884180083788367,0.0033817115993343173,0.1727514063074957,0.8831328429088803,0.5623405856237166,12
-3.9283918187266806,-4.149122893794191,-0.6021418932983953,1.0636091248695099,0.9287387426038252,-2.6746912829953637,-0.49478977151918585,-0.08059775741324605,4
-1.7850598742013006,-1.5006170915443446,1.4208206554469807,1.3415577439784108,-0.5212944648425553,-0.583760815204168,-1.6588805582501462,1.3407152662037107,26
-3.6392576600671984,-2.8159679350770777,0.2658144521201927,1.3921784816560425,-0.29132573550808205,-1.3948074735338756,0.6145562099711085,-0.9154683279552122,2
-0.4437538953366713,-0.2782125425936727,-1.997031324011644,-1.3497754415713787,0.033621131137676556,0.8834701410039172,1.247465228729287,1.936732600530807,27
1.154180735206507,1.2153181960351318,0.9722037856708086,1.4771326406281218,-0.1945308808658186,-0.4920752973833651,-1.5379739585778456,-0.010911737249786668,42
0.49515327236711126,0.19422153505089312,0.7343505907136828,1.5994634372690817,-0.4810667416569368,1.434625422463373,-1.8788913444210076,-0.5399656442115364,20
-2.68190542658005,-2.07609364779246,-2.125100039374196,0.2111760900392732,0.2140240972877631,-0.25846416144191203,-0.45494567177885603,1.1220428840876746,22
0.321873478798299,-0.4039557052487519,0.40453855561010893,0.273673571360849,-0.4874664077008929,-0.7020552640633664,-1.869089684946317,0.5670792732234956,11
2.8748991162871356,2.322281175202887,0.49069054787095345,-0.1581968264233048,-0.6731417601110954,0.2812609712500645,0.4274446217301867,0.24937117951552237,48
2.3316324431782434,2.3193492737527746,0.07768288439501003,0.06243781636467846,-0.2850232581466307,-0.22246697590225542,-1.1597809285660485,-0.06588754916343083,3
2.3010313674477714,1.5608472983933233,2.688852882252258,-0.2513302271978355,1.7160608520144278,-0.03202148202245826,0.7394595165821284,-1.7320205963203463,22
2.928427032757213,3.4156349027631427,0.25866949713963705,-0.6167141303964195,-0.31862002275981427,0.6394297830398539,-0.34444439995169746,-1.9972727797871306,29
0.7725038955849396,0.45669261509507386,-0.9109579971062081,-0.2234580917026772,-0.1737020366481673,-0.27928087461115614,0.1314482020037242,0.047284790206628555,4
3.201651176836422,3.463145278733891,0.2590250987416669,0.14151639003370695,0.3673709285397872,0.4203150675702477,0.6603040805844349,0.993540960574759,26
0.7675545541003452,0.6094904740562321,-1.506550525894152,-1.6585802644304926,-1.090310786946382,-2.6508753148945003,-0.20428064229776666,-0.7347600605332307,37
2.80495139136752,2.6755193910998907,4.758538439586531,0.7775043269850962,1.084128068904295,1.2759914530678271,-1.0147257936787737,0.13443141272053497,22
-0.8850793841254971,-0.8815357281604016,1.3340367009064902,0.11974580961014912,1.1245404247040587,-0.06101618903327255,0.9139766721229464,-1.4954357972722285,15
-2.7506219003122014,-3.735781121917875,-1.906046798047584,-0.14474053938873518,-1.5640192320352684,-0.8059827657934241,-1.470536107308604,-1.4280896996445618,40
-2.242009537606456,-2.7897899116539815,-1.1217752908908591,-0.6155451528039947,0.8937833005430383,1.6336575614072697,1.4064890976909135,-0.013562437097110896,31
1.5223804483286476,1.282286380887836,0.9971995125025552,-0.49255986352736947,0.34821731283669727,0.25162716268855995,-0.6091494626150303,0.7284930592140331,18
0.9326187594968642,2.03981023961704,-1.6978397336031539,-0.7972194358540869,-1.7443053686096786,-0.7767668664842337,-0.5276914948743385,0.7713661583149675,1
0.01322335902804439,0.41687182866237155,-2.0080191745354163,-1.460365406825061,-0.34014734380280554,-0.16627096945552372,0.3947921240859703,1.224031581058413,49
1.8744635343274738,2.232874503112024,1.227457005247672,-0.20569090030444634,-0.19312076169910794,0.45761835332479056,0.4171808113608507,-0.743037153946254,44
-1.2398271398121201,-1.7623581941378264,-2.9468015523076145,-0.9560243116677497,0.8615540158413627,-1.695442722562504,0.5061509767139326,-0.12423521154773508,25
-2.3261838149407894,-1.8832666489411907,-0.46159008067382834,0.03639571402931283,0.3621112997362966,-0.8168354067849807,-1.4672805576144747,0.8111040121744738,9
2.8002274147044943,3.4195138018432436,0.21493957968833188,-1.6188421421525911,0.6109207721378129,-0.6992892791084422,-0.8806235693013365,-0.9687055163442764,42
0.2753199238446956,0.6480776145637679,2.681692735837723,0.7536790392339536,0.7402119778414645,-0.03289971510861229,0.34236503474074487,-0.26395300566877167,18
-0.3015087731295733,1.0074434084979063,-0.13316233629817276,-0.02867144700490247,0.9583937920347838,0.3484772973120082,0.37187940389824514,0.03486405728021564,5
1.1772446572454078,0.49972951923927567,1.0941630330831371,-0.9586444579096234,0.14013792341082978,0.5252908460530472,-0.09217193403948348,0.017719824373695257,20
1.011648711652024,0.46992915669139146,0.6156737012126096,0.17479781198202082,0.16161829410144446,-0.1743362285460775,1.2942297014574558,0.9003933458191036,6
-1.649153620360466,-1.7845399249374991,-1.9799855317406867,-0.14548639841513,-0.9597814051634995,-1.4537162063618696,-0.17598360480973863,0.4536942390912248,26
0.40887684527457246,-0.0826320804267952,-1.9261973359086904,1.094600518150346,-0.6618095854132369,0.19406348364539086,0.9412322493892287,-0.39915712993329105,12
-3.205905881138327,-3.1837440670965074,-3.7691278375249166,-1.522876827490729,0.13034024201644787,-0.8516944013984891,1.085636671294936,-2.2530363501979513,46
0.19793772678052501,0.4544769338361934,2.893835796772236,2.928280884283461,-1.0417143653268823,-0.9888177920382951,0.348550318523672,0.8139365365727935,33
0.8161451391569601,0.8058369105600414,2.0596354321256314,0.9110965120269091,1.1045393642040453,-2.1245021063693827,-0.19148514986524134,1.0139237122001103,43
-3.0824692012794688,-3.035791419958539,-0.9757942614974259,0.22585446610943852,0.846472794935818,-1.2455513792235817,0.7408980730162535,0.5356189795319972,48
4.552495255042816,4.751258699275046,4.132334741321511,0.6522471417061618,-0.5525912183853943,-1.021073097559842,0.4495484209255948,0.3835819616596213,18
2.8765115245668564,3.259954509362876,1.8409273162485986,-0.377056234446427,-0.4873831976455934,-1.410536861891568,0.6214995320964285,0.4699673135683618,46
1.1561756996406674,0.8220754350633426,0.7297718786906864,2.196453755452858,-0.4810934284592768,-0.7707511930536656,-0.8622539731037822,1.2246170920256298,18
1.5522364492529037,1.2134504481509776,1.3592528134156152,0.8205343044133372,-0.10068246117812493,1.2970096196454068,0.46910147231336846,-0.47103611136607243,2
2.1170292315827486,2.7093151539801807,1.3157574355509207,-0.29423279157248594,0.3205045386857039,0.06381204922367707,1.5952262905775922,-0.034340101017898576,36
0.5250648070101854,0.3510140246383273,1.4062223254333606,0.13675815908548372,-0.23573775142773798,-0.1325120440558274,-0.2790638289289487,-0.9496578669584095,38
2.9778589048766664,2.5571504438352974,1.041725645422964,1.6361642271438137,-0.7047655862453235,-0.5715422097651772,0.1422544334272309,-0.18548100360271003,16
0.589725726448269,0.7272170698103457,0.7804378714846629,-0.3702460802307984,0.5375292155350867,0.36935540509199133,-0.23404090563401173,-0.77966279908817,43
-2.954455048013556,-3.1349600164904503,-0.4542844382323411,0.8995057749945247,-1.359316440121911,0.2284536104394934,0.8844272829365978,-0.7784831521659142,11
-0.6555845660394235,-0.6005782030612042,-1.9807799703504527,-0.20390335973737342,-0.31320012812024295,0.13362825234572506,-2.0530041915041632,-1.926727950876861,31
-2.8457026800382748,-2.8823454882634363,-1.9153142605915556,-1.9826926520833923,0.24198294361208617,0.11439546056365198,1.5993668885757881,-0.06800286748382466,47
1.8078736013928391,2.1191668732295783,-2.096890012373846,-1.445984855315955,-0.12330709920688543,1.5078335726510015,0.5164145351863693,1.022287239655182,12
0.06146665668410323,0.5140648509762906,0.13291230222845168,-0.41374344088700776,0.5591108362666223,-0.2525188184911863,-0.2200141875474521,-2.9342455283727276,37
1.852389057547203,1.4327647818365064,-2.3829089595703734,-0.8335930778991498,-0.9416083054521353,-0.4228138788243449,0.2795236009508057,1.2769058714906132,21
-2.073280979146764,-2.685793104092389,0.530170308403361,1.260021967949005,0.7802579370961188,-0.7285726336696144,1.130903023787761,-0.014283835947461531,20
-2.1747315968017182,-1.3815726086484759,1.1306945675218203,0.9607939765106274,-0.15541742623009178,-0.7134813662990159,0.37708305978296197,-0.6492339464272173,44
2.0668361445825414,1.7191062061882332,2.1705829184529954,0.3977705335684245,-0.9320005737158842,-1.5837891819971854,0.6767293760663077,0.3206828284696136,10
3.501793308482565,2.7208266446090326,2.788114397975822,1.253302432192085,-1.8379642710086543,0.5080295882401029,1.2069680031735313,-0.22678906108456165,8
1.2351194639354084,0.2812799886737093,-0.7459121795585439,-1.537985548728688,-0.057246574796133015,-0.22409705359305943,0.17807938542289917,-0.058462504751427606,24
-0.3845714920040796,-0.4081508245158823,0.4741520843608875,-0.46311456252724065,-2.191450589324266,-0.1356879101631679,0.7486942425747212,1.4157063080977903,10
1.2203258732274869,0.8926597713023261,1.18329225377223,-0.06440127407349902,-0.9157886831420358,-0.0946859950176353,1.4798724154210945,0.18304880141358904,21
-0.3339170018696629,-1.2552417736743156,0.37541145044900603,0.9546088905635616,-0.7375942015838909,0.2270765999992874,0.5709387848860409,0.37513806614696565,45
-0.19590218442874963,-0.6754961150563272,-1.3512544106832003,-1.1639745918500213,0.3508760768155151,0.6053820396190183,-0.6073131456907819,-0.24727268472848707,14
-3.985172470234664,-4.5207150598513355,0.5905901471156241,2.424616644887918,0.8682697529799548,0.4015617546722541,0.7808636676897809,-0.1574271530489886,15
-0.2460704727337747,0.24592155700086427,0.07920355366419418,1.3657084000218915,-1.0077707460238765,1.0328832709561007,2.0422875841336703,-0.8819340957488396,28
0.8502648124740948,0.9615288134347534,-0.6446025670414666,-0.5634626931624188,-0.6365924370042275,1.0563798184994908,-0.30499372965149035,-0.10666321230057575,32
-0.06380363362451846,-0.07624458010544179,-0.33618949165857487,0.20626149790213602,1.2838309091060744,-1.4537644438242936,0.4645580061943026,-0.7538791981553817,8
-0.6385081340254128,-1.2805727046835957,0.265815597345481,0.24491250317273686,-0.5421057791831235,-0.2898474937702468,0.4399003631508051,1.1372426742878086,20
-1.8547640061314579,-1.9520484477349596,-1.8834884531881573,-1.9034270552336878,0.9013803905092334,0.18488534540791834,0.8938199046166508,-0.2155410694370813,13
-2.004513090566458,-1.6802591200708408,-2.4181850939836003,-0.9935865259522402,-1.3484844414397852,-0.8780344082931463,-0.3945331565831698,0.7365811350443163,6
1.7593234806313132,1.8317231741882214,1.662552011985904,1.3559303825271494,-0.11920016508815616,-0.34868939023617074,-0.005692075126763662,1.2831414768468878,27
-1.6095440492804443,-1.0886585072067154,-2.812663130484374,0.4660775857412707,-0.007415256386685394,0.20976794033992283,1.9594326946183567,1.0142891504685823,17
1.0645245496485078,1.0961273584180857,1.402781849221732,0.7137354159686907,0.30843811117073744,0.8472574116693987,0.7038326035803932,-0.6612951931524005,20
-2.083071609557574,-1.744313214714452,-1.4733970899576008,-1.1897613560649773,0.045965738784422255,-0.36410933739030854,-0.6000804103295428,1.6558794251873021,14
-0.8799482509051066,-0.6589220548330986,0.595480854070478,0.09011877384582331,-0.05348654159348437,-0.6380745380942859,0.8000728433872041,-1.8564948632635365,20
-0.9370654997682044,-1.2280826525204316,-3.338256447436372,-0.35596104899384223,0.9182141615130629,-0.5545481834977298,0.07814875007378143,1.4131559833774074,35
-0.5384736339634861,0.12248707972347661,-3.2707076050006623,-1.2336077144197832,0.5728716492879312,0.9443552705212047,1.5448153527257042,-2.475691568484041,33
0.3806611530938133,0.5539743435784241,0.7019608152119906,-0.27455520909729864,0.11624611954295319,-0.8307647446978467,-1.5859787952794506,-0.8823765317548492,49
-1.842837259312564,-1.4383104802261626,-2.5778657686477375,-0.20689677888342708,1.078465515416535,0.7796822606399227,0.11559946675554233,-0.06550713884302176,3
0.6751751521451113,0.1352784962929503,0.398697423693547,0.13892597287783368,-0.27560565504317447,-1.6030767988792731,0.9918331349079943,-0.69378994292479,2
2.5727435940124135,2.022177364009298,0.7250323929768494,0.3040704714114021,0.44451797387071,1.0293731949179907,-1.2437406995887696,-2.0725541468355924,37
1.0426257430923354,0.9449464184648607,2.3967171112029195,1.9712683327266634,0.3657520928310714,0.9347284291794397,-0.7243871299296125,-1.4658681817885566,41
-1.0371742110855187,-1.4475437242446425,-2.0012454940202598,-1.09634456394469,1.1783011647140404,0.848209888331922,0.489438043256041,0.254159388889648,47
0.6031374399583335,0.9051097588622417,0.6501907867443523,1.3334818066825846,0.6600001583433954,0.44251898067086415,0.054105075303023394,-1.6803320823831547,47
-0.3352159720068921,-0.1384640292397166,2.469695719079777,1.4469370527870518,-0.649430127830485,0.6310450384442716,-0.28329600145671674,0.6288897694855904,45
1.5534766545923022,2.1586246230985293,0.6776349057874146,1.060959602089663,-0.7659552427181424,-1.1239659480633457,0.32200917195035594,1.1352001107599567,42
-0.860260125330667,-0.5737202780791282,-1.1935703336310943,0.4270183979086196,0.1250796897900209,0.5990217554964635,-1.3618272837915344,1.331321313701615,44
-0.7225256035642709,-1.2950636253259367,0.7549787794247469,0.6344851237297042,-0.7428084388381249,0.3363049989748107,-0.815418046098742,0.25084169750991825,29
-0.7482270819523169,-0.28201666995711994,1.910799503044661,1.1078730725176897,-0.33889104972337214,-0.2697340973864019,1.7354188249426579,-0.04216870437041829,2
0.17244394407693264,-0.16031830959402132,-0.8888359890357779,-1.0913364741546154,0.8061495606932395,1.9135473524422781,-0.6229286805401041,-0.3903569038485133,44
-1.261581857925454,-1.6361793124727806,0.07983843011606351,-1.325317081701072,0.7538444798100282,0.8915505669958418,0.45103299080173176,2.710780843120375,15
1.40303599832085,1.4262286444191377,0.2180686834155406,-0.5346130342173532,-0.351225297049804,-1.0069427483934075,-0.03463947320085406,1.190095196342253,29
-1.9175957074125987,-1.9298712589411835,-1.0805048054075004,-0.7510682999005036,0.17467560544857616,0.6494551465070455,0.8705452823191329,0.6273746698024151,4
-0.8688344814476342,-0.3582425496005923,1.032040043858055,0.12780595866181244,0.848076771984387,0.21429386220979013,0.3443613491882331,0.334796239926064,34
-2.2138548709192323,-0.8085751293069476,-3.0877318856206415,-1.1244133933231517,1.4304760344375955,1.17062724675187,0.4188500467651296,1.0784355526590188,5
-0.23573276712307586,-0.03185985257475549,0.9427953801467625,-0.6759742738845472,1.7444715644818234,0.4747948844326735,1.1731250958996906,-1.8816394245684405,20
1.6940756740990488,2.4132864457798675,1.7046370897510734,0.1467661697129919,1.8874519532667513,-2.416340738178182,0.3386959059612253,0.850882200735572,8
-0.7914587506773317,-0.9049243731802796,-2.185186273306036,-1.5458581837662333,0.7123928811702475,-0.219377913595693,-1.6677021231919067,-0.5613104671982035,45
-0.5807239001280006,-0.42022036510103045,-1.4030320662166151,-0.902060131635347,1.4909490085811172,0.49661232486225804,-0.6363233642676103,-2.273749969010321,2
0.38574496576856176,0.11933752428450445,0.7775659945502066,-1.2220431615462393,-0.6211335632251085,0.8471254509039068,1.431714130150865,1.0901293186420251,47
0.8083876619395737,0.5891879590563309,0.07712567976421192,1.7640907184785686,-1.9288146618203097,0.2681933474731629,1.0702027914983172,-0.7483545514462892,46
-0.9722494019204543,-0.3088306835180805,-1.3225529775598943,-0.34708387426232484,-1.6778603602311155,-0.1362939104209102,-0.21084973880568475,0.4340982185510471,36
0.8629070888953098,1.0814412682288785,-1.5842463339198631,-1.5366772536547173,-0.49694608347908287,1.6047070318682413,-1.5563028751724646,-0.7241940093688802,29
-0.1082626344307045,0.10668170101726937,0.74406355958713,0.5285303758312438,0.7897186173220335,0.612856151670889,-0.6883284644286152,-0.39078705411752673,32
-0.2543840662319846,-0.6623392557215182,1.6505317334409404,0.37445300906894796,0.9776259408025593,-1.1070182661529318,2.0800907723954896,1.5900195998406237,16
-0.6131790704347028,0.23283949494357803,1.5383917711261752,-0.32063072676002347,0.8627357389547766,-0.6789839588330563,1.2052720275660522,0.3308058504577526,22
3.7286403360418445,3.632101597464801,3.366241142601684,-0.3953687236517433,1.209667309424286,1.5293200234107645,1.228348911943367,0.3912012282998682,12
-1.688841015147328,-2.0215958102495697,-0.23320786369966628,-0.5574672651797477,-0.7618288627660841,0.6042300393578096,-1.5776722494874866,-1.54267330715822,6
-1.864295702393083,-1.8816821980784562,-0.02566289143035272,0.29939428528312795,-0.6211290944306759,0.6181004027904815,-1.3243720512725596,0.8940569155461463,0
-0.6918986031930408,-0.3631106948857199,0.509219260189697,0.5769537672025509,0.11598827394239926,2.9051114012581514,-0.5659167381130714,-0.6317724236101812,34
2.9113494524795107,3.2777535826097406,2.220955003868399,1.3640801284125208,0.8332546469189495,1.037406019379758,-1.3237335514641926,0.4666930922473202,1
-2.888677088657384,-2.1621277593840564,0.3563800363847851,2.9291159192464673,1.1104532963167641,-0.6624676005724781,0.12871558313443335,-0.9985888227436761,8
2.578148993996645,2.0408845248836527,2.999521146258583,0.3529798371324824,0.11148596569350089,-0.5142143365166904,-1.0634162709512829,0.3658185823741525,32
-0.7028682729217723,-0.9252429195792036,-0.07853642197221722,0.29411242258713505,0.2857976182875912,-0.013937199845768088,0.48640778229236353,0.5452702120366596,28
1.4454996672901612,2.217018181873304,1.2143243575118898,-0.4343597407780873,0.8503633600433363,-1.5178578858208895,-0.20309898441076066,-1.435556299860677,23
1.0667344603477422,2.194397874177551,0.7359416953467698,0.8463247668949406,0.05081412505972293,0.3099683499831923,-0.5372589383769095,0.31764782651994034,30
-1.275394120440192,-1.5963978018996474,-0.9678327712558829,-2.2796808507038304,1.683837965903737,-1.6494744558839756,0.6623491006528477,-0.8734214670279249,15
2.5199351644979417,2.4646700077478965,0.33320852721003813,-0.8030834216562268,0.671210463730144,-0.5504283392845656,0.4600939443638094,1.2344434156731712,13
2.6419427224748553,1.8633975128440796,-0.12904220686120688,-0.35619247216738126,-2.1416085860316065,-0.3843963651764809,0.1457300590533813,0.3686304780293842,23
0.8078677246054848,0.38972131667973825,0.38026602021958933,0.2500238025173812,0.7066216942825514,-0.23788595009181415,-0.34430070281942393,0.05771192124665045,27
-0.6676855154309689,-1.1158300968799135,1.9658994528456255,0.25730478501770687,0.471773491730932,-0.6162237451224496,-0.03295281317579639,3.0068278298744544,18
0.8089467642001915,0.7505083942898991,-1.3207727952640633,-0.691004623031377,1.9623321685552486,-0.7889477197166108,-1.888939987392148,0.8296822041339503,10
2.2673498874827978,1.6659439783904997,2.312170510024581,1.2503516747662604,0.11344449328505966,1.4858619888570483,-1.9212766283722658,-0.3680598892507877,35
-3.7889663464514314,-3.3313912973926354,-2.1927855089503896,-0.5811244105437392,0.551038585137609,0.368667780533492,-0.6532782901558517,0.8696498863297282,22
1.9279236727975406,1.8924920477569265,-0.5855932434392338,-0.17772352432742053,0.3487374214996507,-0.7076945234142152,0.15207796733986298,0.28827847245559574,27
-1.3978050879353594,-1.5309214321962394,-0.586623822928753,-0.03388950754823046,-0.34625236777294505,0.7904702139368024,1.7571844310365106,1.341148027166917,15
-0.18230560713663158,0.27085054254360746,0.48166683836714186,-0.04410653303428372,-1.3193123400166276,-0.3192446501999154,0.4074285647742856,-0.9774594126766566,21
-2.874110048321554,-3.0139231265892694,-2.8947647360130517,-0.05115105748972115,-0.8398284512230509,1.3490179199192893,-0.9615338448485781,1.9444149218421551,13
-2.8447802578351666,-3.470322568723109,0.2388126497304084,0.4415612591451769,0.8709930491109616,-0.7037839095899133,-0.46528587311708974,-0.4911477424125745,0
0.24169213926700717,0.24884140599970977,0.4164420826044069,-0.3455881856721906,1.0334111238493275,-1.3589338253906946,-1.2340478528462002,-0.36267996068882447,44
-0.3269639936911486,0.7496230990328951,1.1404050979838496,0.40544657459980954,0.13293462850392695,-0.4451808290095431,-0.028835438688275577,-0.7125366601821025,27
-0.03078803149143483,0.01262333695341386,-1.278269481276677,0.13384623760073822,-1.0099217397618099,0.26543037923734714,-0.07501196469264493,-0.2863392504683003,20
-2.203111302344976,-1.9483432609084677,-1.8801874503654912,-1.1482451489024932,-1.206996191929347,1.417295076060985,-0.02325501915605044,1.8989736083834226,43
-0.7018473170229709,-0.8064304839114744,-2.118259516347506,-0.6430564551790441,-2.0292220670772427,1.0013594228891207,0.2810621017308465,0.19173971005743906,26
-3.435549026116004,-3.55138548646391,-3.928398910237557,-0.7127968808970684,-3.4123115276126974,-0.011163773263441926,1.04078867562852,-1.0450743054973946,12
0.8340172973493145,1.0794722723881307,1.2157812901005256,0.9559147031816123,0.3908451665240184,1.7343717387909943,0.6888071366608385,-0.13878847522995216,7
1.803152608276973,0.47733413616041864,0.37533409405149765,-0.07750825934038033,0.6336540348582625,-0.944011225217882,-1.1266989461284411,0.2561864596374214,16
1.1576348310098374,0.5326252358169534,1.8122118422018483,0.20625924126932244,1.5501736796189716,0.5412330633123681,0.846230554842905,0.9571577352690741,46
1.0758200368147948,0.7726722652119518,0.14581448842596267,0.2058211144657172,-1.8965534675270421,-0.3243217228343003,-0.9865093017184674,-0.30543865221713384,37
2.4901152015292194,2.3495889178575613,-0.024902608069802268,-1.2205372582101826,0.8101579065096172,-0.6801245814634793,0.3908636670032925,0.20309476475024854,6
1.0239044547028042,1.742592169831553,0.019142759681696986,0.4018063288303369,-0.9385625907618131,1.901402797700656,0.10796987223406732,2.9144626554501865,8
2.511707215419997,3.72919412077614,0.6270604673325748,-1.1068870276182208,0.18189486786932985,2.632762394342891,1.672185209943501,-0.11894913978287663,22
-0.6703289257661895,-0.36206810728355926,-0.5237196602458896,0.2581342567678138,-0.8119916125206452,0.6515228733245592,-0.08546158459822398,0.12739396596865368,29
0.006189237803096291,0.1985279168531461,2.079389787068524,1.0228379214784447,0.903816432639681,-1.8917497511501555,-0.08029975217031242,-1.1667225043364948,37
-2.842874454054418,-2.5088487548857987,-0.733522767903029,0.2600320798145889,-2.0472344732392096,1.9162872561983637,-0.2561273167578043,0.9541480001074617,30
-3.788741573663272,-3.043454917388043,-4.837274179215033,0.11765261202916844,-0.40676870682445115,0.7103087641749338,0.8635502180312759,-0.4448851677411566,47
0.45113708841605793,-0.04580158792352901,-0.07413117138583614,0.5281071988911091,-1.1204567416447602,1.6491535387055205,0.3215054750900085,1.836846029909053,39
0.6465295265528662,0.39482067549675715,-2.087454430978571,-0.19161187481680636,-1.6860837048150288,1.4288301809467123,-0.2468546674086425,1.2079051903758802,3
2.398654764683026,2.4697993118804784,4.645830430525713,1.5608032978654804,1.286642228293513,0.5897787555569763,0.8382072633137462,0.8117002653060967,44
-3.472732517322608,-3.3304848165121794,-1.0344181509085282,-0.8320405544477312,0.9740926643599841,1.884913899471991,2.0923815995922257,-0.4828667616726611,23
1.1039335636487864,0.15058125769975894,1.0951531389459064,0.8535714670276788,1.630622036334221,-0.7169968041610751,1.6206312988887333,-0.3204472789918105,42
-1.4926619848283782,-1.284660966257993,-0.3060276156224264,1.0568159369022894,0.9757807969305937,-1.4234759865126507,1.496649174719589,-0.36328702352654374,13
0.4982707098014149,-0.30070690491431423,-1.6401508860024951,-1.5582820431553612,-0.6617017452656779,0.1309691416249359,-0.5091428675987522,0.09886173632604237,9
-2.134136492189892,-1.7587332356417213,-0.8822356932098807,0.4988389139885133,-0.17235824225354468,-0.01348811963381118,-0.07214690737688995,-0.3306014343255622,30
-0.9884887947632114,-0.5729804441413335,1.1085939777320863,-0.060577667531149265,0.13834857217649124,0.6298708226369052,0.1790313680878283,-0.5175376464926437,38
-1.6213266083792477,-2.7555993610866767,1.3998935121146143,0.5427897819476499,-0.002483606573054924,0.3085733317801455,-1.6588564224758071,0.11273868698770674,30
2.385740615700727,2.6299608921661806,1.5156833893183412,-0.39496484578719626,0.8414914641138025,-0.4476260972116491,1.7156891577149702,-0.010194282901669675,29
-1.0426812533446252,-0.951402939468711,2.604738565132603,1.6790862882543234,0.02880287435307328,0.3244357090079228,-1.3962405911661324,-0.35872468968698445,24
0.2201190150668812,-0.09470815814772804,0.6991642973361016,-0.7011154807046943,-0.28928730599695746,0.2161996748674933,0.41549009614547977,0.9150819066272775,20
0.7262841021164348,1.1940190745306694,0.8808953523928928,0.07173946896495409,-0.5634780087079855,-1.0988342501362496,-1.1954642071656358,1.0457611005375878,17
1.606941046249453,2.598949237891489,0.2871489795887411,0.09291173287178041,0.20583925497919817,0.5980885792299497,0.1448828276749059,-0.535480730595637,2
-0.7531659532372215,-0.5123107304773481,-0.03288259688663986,1.2905735009048263,-0.25668411868571617,-1.9265774840245065,0.8357037664205287,2.1331492515328647,25
2.980320900497372,2.4283849457018145,0.9822859005433304,-0.08850103932168893,-1.7788326566602624,-1.2231246683608634,0.5360418471145416,0.3912176837590381,29
-0.8614555103466722,-1.58734843197889,1.9267271497688676,1.0766236930261541,0.6165585503584843,-0.586072359613862,-0.8242351681085883,1.2265733372149998,3
0.8731929503644748,0.2830567713611589,0.8433811298772721,-0.5769677193128627,-0.0343452917835638,-1.6896381535014966,-0.6175397814008518,1.8713582027539835,21
0.2876944823705184,-0.22674345348532454,-0.2391681986311427,0.5315283461682961,-0.2923509180608045,1.8833294954531523,0.9368664025713545,-1.3861111775234853,43
0.007161584702791934,0.5600147351133984,-1.303777978564137,-0.99855212828324,1.0521158381513833,-0.6225714440896847,-0.04044343570275005,0.5137723673347178,34
-5.468859859120019,-5.332648486481872,-2.1439736333875588,1.069429938878052,-0.9183527188735582,0.7851953858210808,0.13787599884737262,0.9216898949462928,14
0.6275067687339979,0.6066909227532141,1.220760761713716,-0.38240654631507726,-0.7651077737091954,-0.09402736901787961,0.9457952442586386,1.2040803362183559,29
-1.7274529516815353,-1.2996536508327203,0.0052225880023077376,0.529328264274119,0.4580346225516521,1.6264390370612782,-2.4507055990465134,0.7985789546067645,9
-0.7609085247000129,-0.759026977713284,0.33629564918060056,0.8733021654370691,-2.567530781376564,-0.34281448509241025,0.27514036784051854,1.014342889936953,7
3.2795797357379404,3.2895314225501764,-0.7498115798015373,-1.9272099667212197,-0.3262472919932814,0.6769463401157432,1.2660792396933425,-1.4708139978217734,38
-1.4954081778239139,-1.9222602167788476,-2.368828846581595,-1.275133439200911,-1.1192744545620383,0.19983277933642926,1.7793019117487214,-0.926902867280401,35
1.7579484914057957,1.4400107316065796,2.0349883833749183,-0.23081744815401203,1.6330561511995991,0.37754111785458844,0.6990057275729069,0.5844306754251838,35
-1.5154537224939386,-1.507733349332471,0.3371894616132215,0.5867181028646975,1.7993416543239606,-0.4425413832464608,-0.6968010855244764,-1.9979648137459738,6
0.8322138733143578,0.24193702049998722,1.7768569943361352,0.05537079426846903,-0.9317066296279071,0.3141522794532613,0.9762173280006591,-0.5250277811112658,5
-1.2725715329880198,-0.452342868243762,-0.4421561805895625,1.0883049420105646,1.4209570220504948,0.021281270448815726,1.868209590768689,-0.16735046013187987,6
1.0640424239821251,1.1180941249096945,0.02367299589275773,-0.6509610788216285,-0.7057254549748517,-1.3320359153572503,-0.6022178863245429,0.3878292288590918,21
-0.2900946885145945,-0.5711170161274042,0.7025283914578974,0.17922125567546973,1.4134485124500935,-2.3050310177749016,-0.683662389752252,0.9093280308056951,33
2.714749831691765,3.193386199232937,0.5020652488603435,-2.110699492740789,1.4567868386260008,-1.5462099962135096,-0.12164057593126773,0.25596159015802494,4
5.006048279807507,4.470826672102473,1.0403731980690638,0.38964284174568886,-1.1960527896473316,0.8404758447043605,-0.37857575727329806,-0.8038522561152379,45
0.023614707787113165,0.543380951680155,0.5961106660331343,0.841250946553181,0.2294324362742295,0.8847962570937672,-1.9799085409453752,-0.93104429216968,46
-0.9221529447963197,-0.8875061273778863,0.8607122586487052,0.11186929011549701,0.6247166379267574,1.8829064464615675,-2.299649525444217,0.42356652291644825,35
2.8514132886834616,3.7817849750080077,2.533574241524832,1.158952200969834,-0.5939816421395117,-0.7383918921807345,-1.2616381422755596,0.5951959098001868,4
-1.6202005024397639,-1.901835020409627,-0.63071979193402,-0.17445844177891826,-0.16451558161057026,0.13592116562537948,-0.5951624837180928,0.39038846493012863,47
-0.43190366909485683,-0.6375084644728917,0.7767600879507552,-0.5384567056421675,0.7167155001328468,0.10336146956237047,0.4523575874237525,0.15683686141022685,37
1.7605454942865373,1.3320770512127915,1.2337851327432987,0.42707248857027247,0.07333713593913176,0.6808655055793278,-0.4934277653816016,0.12668119792969842,7
-0.24562205646489443,-0.8752158476099795,0.5704146244231487,-1.1279158674203944,1.6463201378045316,0.4141118937249621,0.19930285841895928,-1.3599061908515113,44
0.8311736838236516,0.9482937296457122,1.7387466796426254,0.5175579897467698,0.679580858523415,1.1502019619406383,1.369101483451952,-0.008942247273938901,4
0.3730218216061637,-0.1625410244456187,1.965307183072931,0.8054754797178474,0.3072979529381155,-0.11055564599836827,2.967730373296663,0.7705971294094991,35
0.41307876424604434,0.5640530615091168,-1.372480788730817,-1.5717635184677707,0.2857175233940822,-0.2401320958365258,0.8857100654067327,-1.0978589402017909,23
2.9198943618530975,2.593092869344716,3.1520217962808186,-0.24094406045380592,2.475545935886864,-1.785043098868872,-0.9351533708046205,0.4421686157056841,31
1.9678302852208853,2.48506720899697,2.7669157845078587,0.12933841586737965,1.2855149476455623,1.03470278801704,1.0021732691993879,0.7061805807745429,13
0.5349997216554931,-0.7450457088972096,-0.519090290871643,1.3138065223175306,-1.1921893781200774,-0.885214819274995,0.021541513478874785,2.3283315080072753,27
0.41575974003268734,0.6150160310316383,-1.0826247652209071,0.6945354816082744,-0.2197539288207779,1.7875857927494423,0.36105322926914213,-0.04496135121748903,13
0.3662906055513043,0.3814073701217548,0.3397797500024823,0.3054425477889841,0.2735956755306334,0.5188634326548851,0.971276051389621,-0.2275294971517562,9
1.5558956855247685,1.5478554780884248,1.7716208011102357,-0.19295226352611725,0.1983326713567932,-0.5947969546028127,0.785220274385238,-1.176792927069176,9
0.21062463262853304,-0.1135372630392748,-0.41430482534239627,0.0431022420765464,-0.40248597939961106,0.337266869723175,-1.266080639153081,-1.0622317270922796,16
-1.6505354305600317,-0.7883147647728872,-2.1253018282788547,-1.3347696886939513,-1.4095593872840468,0.5417912123523156,-1.0970158546224735,-1.5846880688488587,14
0.1772135247822587,-0.036052891869377934,-1.2515527487646598,0.30924056140629935,-0.8805343181655007,-0.1432671064051234,0.28568450886413477,-1.7526941377788683,45
-1.3945050484549393,-1.1911629601877607,0.451418608835376,-0.9648168838221979,2.1239625707528176,-1.478127017676687,0.7152547934601748,0.7119248932230551,36
0.08615250930822112,-0.05378561859025181,0.8665013370598013,1.7974935328296389,-0.7379907340101992,0.5063168905526035,2.092576796867103,0.009858158428447606,9
-0.39235434337632114,-0.5807983592755014,-1.7895371953843642,-0.17692886162595028,-0.2948252064672696,1.0219306237843415,0.6130645495066548,0.32113189151231203,20
-0.1712860926876738,-0.13645968752165794,0.7277585295957678,0.9019332899851282,-0.2026873667252786,-0.8220315244210161,-0.33653776989820894,-1.5560861414240617,19
-0.1886170922147954,0.13886132666719692,2.686895661524793,2.159414363146921,1.491027388014298,0.22871750946032918,-0.45588049065044056,-1.986800296453005,24
0.735831705976603,0.17040603963527534,0.5005506806085344,-0.20929084986657295,0.38095849132449794,0.1702421133780015,-0.6772886827632661,-1.7366807524719063,13
-1.4429923908914235,-1.686651791270419,1.2025892923761268,1.284325860889039,-0.8768320551728483,0.10941314298230881,-1.2535192867879301,1.6193821943508744,7
-0.7244931294933187,-1.4358516990625931,0.9468950473326734,-0.6952343503963564,1.3954475125497494,1.8918468996020836,-1.2611649923615882,1.1339984447038456,24
1.0392645170180965,1.228405899354285,0.8374841867853968,-0.0023592479714890625,0.6287779182859187,1.4954368825670523,-0.523616577640924,-1.3095590182329886,31
2.1242019511551,1.6894330683218113,-0.008600144891866723,-0.20993721824857872,-0.8438848778079607,1.1298245501353612,0.11448206884522041,0.11886712019386937,4
1.2494057689041216,0.8684741501366182,-0.5053624673141268,0.5963037496128626,-0.1173353613739968,1.5508380886950863,-0.7357264791408752,0.18672677159315987,34
0.4295248012620573,0.7442653653095322,-0.06413255090922693,0.3265164903672418,-1.6897540437183083,0.4369048388251358,0.03236944429101018,-0.9526576402531521,29
-0.7262302745313267,-0.7419555497353241,0.6408002217056616,0.031355321044604846,1.97130944446872,0.07432175544528348,-0.2571807923567188,-0.6172592483802143,17
-0.13705100675946374,0.05481247045779597,1.488290057531258,-0.11530892023882117,0.5279176235702298,0.3361821568016371,-0.20630914895056165,0.9628060904367066,12
2.7663453049017837,2.6864240673334265,2.143832516876092,-1.316690210622652,0.21100757007188894,-0.2362232713468661,-0.40931237432245465,0.7275362674391873,27
2.5253340443734813,2.719309187179332,3.75940048543079,1.496099020551421,2.4916954783500365,-1.02577647427995,0.30121162668922596,0.9129590397407409,18
-0.7557135090452021,-0.7224304402091708,-0.628233780618759,-0.8737882765891928,-0.750317574303134,-0.5647579258115082,0.034379517878670995,0.3456298886487903,12
1.3917445154092343,0.8258242634785615,-0.439378615594361,-0.5982521379617268,0.14619014610961736,1.1813200682485465,-2.582198273079878,0.14195396697051973,13
0.7874365867955888,0.8830511930541773,-2.294038676948236,-1.2086266897164082,-1.4460987577110853,-1.749875119610836,0.2773737991596072,0.5213936045510869,4
-1.743843171214209,-1.9254736064144982,0.44666589834401915,1.197764800789861,1.4196672055272141,-1.4417456322423483,0.1206286471635746,-0.12744458756218216,8
-2.0701089973599514,-2.199778485367955,-2.936303283230915,-1.5382745663176733,0.2233344215588803,1.1860129865721378,-0.5819062621578351,1.7023312946993563,8
-0.3737307954585355,-0.2445093831997298,1.3335376159778192,1.1081147655475703,0.28697829581641066,0.7755849379021031,0.18312655382821733,0.2517589721200955,33
-3.5036915604147447,-3.7882254889622646,-0.01208202728414487,0.4208760499333766,-0.46063881634107023,2.00249028295826,-0.6650147479390971,0.5634226645083001,0
-1.877419159146051,-2.415870562923175,-1.7058398453503505,0.09270361248396511,-1.0182289527769526,-0.37393857774937644,0.13597042589350097,-0.05406281914551798,40
1.6947436452367668,2.274188616007181,1.2177861517109163,-1.4480067274178203,0.11092433745000284,1.1908277743959401,-0.8422373609174787,-0.630358281835556,45
3.102092481763714,4.009034660354863,3.0671932736747958,-1.1710460990601745,1.2217649203466387,2.18820635797707,0.6845218355209082,-0.01760079833435394,48
-1.1254073817954664,-1.3073821559166268,-2.310895741161482,0.473022927070518,-1.0636052683575707,-0.7588218955508351,0.3573067593395651,-0.29267965963277404,47
-1.6294450119456723,-1.067590109209606,-2.050474544189647,-0.24013092151710416,-1.1876301109420913,-1.1557838117638928,-1.406708370312228,-0.7598068140122948,1
-1.300175175218305,-1.118276158048789,-0.9557296356642481,-0.16509928216901004,-0.08574054449902235,0.7005681720769505,-0.6705845180025216,0.8373349351227033,8
-3.3992760404045366,-3.7297009475094285,-0.6155573584174949,-1.1054385216287117,1.9677941666035919,1.1566963523139646,0.7040840546730551,2.009518527025883,0
-1.1999474496345757,-1.626796101166083,1.6567561092925351,0.9858515208478053,-0.5564571284925767,1.8351428386257607,0.41342041208756786,0.31886346455597003,40
-0.4459072322529634,-0.5960404100276844,1.8037856103382257,-0.2482338072865063,1.9114937665732206,1.166775311608727,0.151541181622516,-0.06788006713626367,13
-3.070777536558942,-3.2951498763542917,-1.7245100394831958,-0.8022938245273447,-0.3594518408135408,1.9670553758549059,-1.096652478478122,-0.6742252640727869,28
0.5849406120804586,0.40886645425336676,0.7754223443348252,1.0971635114644918,-0.06029580794003154,0.2993714136204053,-0.6525444328120534,-1.4158011684010754,43
3.2651264388166985,3.193020232391454,-0.18280368086418458,0.2938957274187393,-0.6781301405932276,-0.10506856558084988,0.17429672901147167,0.6405433953695358,38
-0.10619252202805773,-0.680258125224208,-1.104003511740539,-0.5651625229352794,-0.33371087164695395,0.5623136947347829,0.30417893629099146,0.6051107026932782,41
2.4318243028276605,2.852513985720176,1.665996362181036,-0.8629927611638994,0.8223853206504893,0.20525939187023462,-0.0013273764160151777,-0.748809744907494,30
1.698174497804584,1.1245635029666134,1.0716484916301978,0.8587679146066048,0.9856503419580291,1.3432839023066117,-0.8007331570649935,0.11961858210734161,5
-0.8256650928281706,-1.36893295739746,2.5761895778668875,0.724422701801491,0.8034808820908389,-0.08494205972287247,-0.2109537964251874,-0.803277874838595,25
2.7588422354182223,3.209215458814706,1.1993559133250629,0.6653041854834472,-0.8066918569814999,-0.15134459292573893,-0.4718718858671796,1.4428049142885715,43
2.770906481661192,3.139790602267203,2.6769673361894477,0.8454392376656482,0.043113500278903934,0.541873684173299,-1.1260254743005993,0.15554338655577496,18
-2.5539327551473514,-1.8387405105282268,-0.49165826723935147,-0.9630793216772068,1.4654006981529588,-0.48277273692319506,-1.064331090697306,0.47876552247177145,28
-0.22792615340002553,-0.17030260852225348,-0.25951801219154413,0.4914419186709985,0.07227406829265871,1.0296328455315837,-0.780938070530787,1.7295395666845033,19
-0.9858766875205355,-1.3171608779564488,-1.095515326792719,-0.288203107202059,-0.9070272384175375,-1.806710922917751,-1.4596116195783067,-2.159545210505421,3
-2.296139384837727,-1.735194645389649,-2.0065629631224025,-0.21211319483572383,-1.1016357792620093,0.630827184737963,0.47139479076710683,0.44921245617382305,43
2.2412719440345636,2.1835020659312665,1.7568565745357962,1.5397660038478735,-2.135391452205083,-1.1976756757109206,0.763989927113385,0.308646711487978,13
2.4439342909457817,2.371755396592974,3.2643501260311716,0.40466249129092574,1.332382072691953,0.4012787543357641,0.8785484986129827,-0.24139654210567255,14
-0.7807625732997581,-1.213709459518936,-0.9768818295853456,0.419791350994624,0.6020811190693127,0.6715984150502274,-0.7521405253052583,0.06727135803377775,32
1.0750327491244567,1.2658029029465743,4.698880014180066,1.7431533575071023,0.7090885179919555,-1.1497405353958807,-0.7267371751963824,1.279450741159717,7
-1.3063688586976057,-2.496620314820884,-0.6079946547512027,-0.37921221573796604,0.305212483271167,-0.7194513047464162,0.25265939636229756,-0.601390231735381,37
2.5951023558655,2.8472937998262458,-0.22940518019390255,-0.16713872642811367,-0.43288496860665354,-0.6088336283841365,-0.4489375139871279,-0.5900581470136367,49
-0.6272193855845677,-1.6358350428219235,-2.0407367592826327,0.7910889597955743,-0.2962111272536811,-1.0021489293114727,-0.2972357490528659,1.7589425156939686,43
-0.11481104037049517,0.310344657449771,0.6679427703354376,-0.623805504066076,0.1322196349769108,2.215749811116787,-0.29789681836057885,1.0614198377905666,14
1.465950078848112,0.6790813801147673,2.582296672607082,0.3541795903763244,1.585343114804343,0.5913408475556762,-1.5669324020374806,0.5356084873069255,3
0.6938910045847727,1.0231263500625192,-1.3332201954568483,-2.0648596826719405,0.4750223797267876,-0.7619020446708714,1.248059116810423,0.8553344370791224,5
-0.6788563897480877,0.5445457146021788,-2.59351783727578,-1.2667092142606013,-0.9888402786841558,1.8920569429005447,-1.3972227752343003,0.1473965652265498,45
1.1596391463194449,1.0106420893768726,-1.9164553669845588,-1.493021994281795,-0.5292436312181036,1.2588664319982708,-1.5334293687813878,-0.23059963304266556,13
1.2660993675061563,0.6737876409994001,-2.3029821392661582,0.762508384301604,-1.6268335158253906,-0.01809839432616288,0.7931832366344602,-0.08301966523517665,28
1.1111642609715222,2.0708850796858034,3.0447938774005032,-0.4256439995389721,-0.10311633877606027,0.8498225542052192,-1.0661446776034615,0.373074124625499,40
-1.4897694944752065,-1.7202160124453731,1.1879096377002587,-0.48673122559578846,-0.22894970687756866,1.5619456091872108,1.0522253263894257,-0.3932816793701737,37
1.3368373042467354,0.7707396006269057,-1.249539891750336,-1.7622629541824022,-0.28222152051451227,0.5654429955210343,0.3388704131905983,-1.5086351714520008,39
1.2256043881756074,1.841923961903018,1.217633364038819,-1.1620529501306691,-0.5425190912271387,-1.2309851728921328,0.35232922307948544,-0.09598478836237809,48
0.6738655980273826,-0.7563576728553748,-1.0704272151877636,0.24873136419223046,-0.535561033066158,0.8842844853605557,-0.3678823511222123,0.34379870370503013,44
-1.337657351777355,-2.0884839894328877,0.706829508289421,1.1200398890571504,0.13831792392384687,-0.290849177121455,-1.3778321759458076,-0.06538238129381357,7
3.7348707027546553,3.0677041601590425,2.8244724214019494,0.35375246999074106,0.14940019389352463,-1.134712418183895,-1.1554264817331734,0.7299159581069525,44
-0.7017829874130972,-1.0589710090363351,0.1638406851567351,1.1705590230927236,0.31849927776074133,0.8854982779404272,0.10316177792009319,0.3563860483265863,27
2.380893530834148,1.3594430538956395,0.8350962746248034,-1.281099877451449,0.9740058664078296,2.2132383329812373,-0.10258391880387341,1.0196526948445321,49
-1.5113183615136192,-1.1104829151843667,-1.6836826201058344,0.7111651267326176,-1.3709186852571813,0.12738255651813046,-1.1763814694890273,0.19377305387427896,45
-0.030162457988430147,0.47060298643511483,-0.020908877775015752,0.030590095871242774,0.30974141773122615,-0.14576770113980558,-1.1115827340414153,-0.09951649645071886,16
-0.46137027545124487,-0.4996466361017353,1.372935184129482,0.5894019144693113,-0.37908953703038745,0.3209995857273001,-0.8442118979675305,0.6370366396774765,21
0.7958977660620534,0.5787453062014432,1.782480248135804,-0.6051592000364043,0.18873690031575222,1.092594344079886,-0.05887621330894632,0.9414674124707456,11
-0.7256806797479615,-1.5173274926511262,0.045488725007840236,-0.40615076089976143,0.761208613955461,-0.8062660155605067,0.4296915292681516,-0.36365626520179456,21
2.4272248357599744,2.6506948225979,1.2930312225199012,-0.2869704706673659,-0.15037033639808642,1.3453510375344033,0.8822270685461768,-0.7732612603824519,47
-3.881010568713638,-4.2415522174082785,-3.200679900773485,-0.685126231994282,1.3166311980981833,-1.3908352634460606,-0.36094293074137374,1.3882074055645661,7
-2.0027602297233997,-1.7055958460727154,2.052574809534203,-0.07223500315580561,1.0080613907418425,0.7885848570702325,1.3989138847990517,-0.44456688156182295,45
0.6917249603987558,1.1910239206248459,-1.0810053035936038,-0.9322704852666608,-1.148117372509203,0.972155821841972,0.7016985804407676,0.43859747006629013,32
-1.4706339259735166,-1.4578789717042162,-2.017318785527533,-1.1873557844802693,0.671402367938478,-0.44013306313688755,1.441034067382185,-0.38915139159679013,26
-0.7461452102279393,-1.8128021372710084,-0.7963104218169261,0.07451138240038013,2.423588658988721,1.6511220687323573,-0.8522035132526745,0.2881220516099235,33
-0.6962239115593387,-1.174641012998261,-0.023708387797672592,0.9336726896671356,-1.3058249418365422,0.40812669258528117,0.5657845229288803,1.4414943253005499,15
-2.6246113343725845,-1.9526335295394328,-0.6342033704904984,0.13854606769358008,-0.016859704980845377,1.4351574527392146,1.0608264342676608,1.728312601053387,49
2.3296068488799038,2.457049311173159,1.0868671598928836,-1.6525163688055846,0.4054972373677712,0.21159745023956933,-1.7237732444334888,-1.214444312776383,9
0.821306615190644,1.521471143975678,-2.157440920031023,-0.6751718163153778,1.8288712048930473,-1.1977826633442643,0.8997592890447944,-1.3486408392152671,36
4.079161310962788,2.9519631870941474,3.5075517675715506,0.11126664674481168,0.1638203901327093,-2.133467045722989,0.4034912479163312,-3.22419994901988,48
1.5553925204549701,1.4892537229955725,0.8796337837461856,-1.3637835229477486,-0.8981539569773913,0.8789390605904671,0.8956956943951295,0.6528892424123769,48
0.9957939156878481,0.8980132245356022,0.6282851219432182,1.038406395784048,0.6831101043661513,0.3246699003364652,0.16884105574105307,1.603749562929547,31
0.6208975494262029,-0.2012107939744534,-0.5594801660052526,-2.142646784448975,0.2998198267515853,-0.4385468737763723,1.1163390183522555,0.3265958691593191,46
-1.9031764137415343,-2.235086870883487,3.0113353755890513,1.2659318562826742,1.442773734534003,2.3447274636154045,-0.4093215258120783,-0.21712752139394614,30
0.9656408608037722,1.4449154738094259,2.507967840378093,0.7981604921467452,0.9055683370212706,-0.9635801997706769,-0.504941235608161,0.8814293229603747,45
-1.3694725544495234,-1.108338711290047,-0.6368913445924382,0.16027568542591186,-1.170804118695394,0.9876150793090683,0.7003650778868954,-0.8496900293921651,9
0.4349061335474578,0.1577038294255826,-1.4084272361588135,-1.1296731246258527,-0.13789190218262898,-0.7520595343522303,0.7042575737305935,0.7168751420624389,14
-1.3342392044661102,-1.1805224207326162,-0.4534074669864787,-0.3963170101091398,0.5413908200965449,-0.49313594800003435,-1.305531936781096,1.3949269082985036,9
0.8643416127125308,1.450940408562374,-1.3836640403525489,0.30091614916488374,-0.9387218593358455,1.4924699405888555,1.1693408336782285,1.2853743347872824,34
-2.682755162722146,-3.231836852264215,-0.052023451566897805,-0.5756065499321655,1.102897576211466,2.2435396010564177,1.1434713767351077,0.7653816761848691,20
0.5659141195571746,0.703027937323828,-2.8900580040873054,-2.3933404057538934,-0.9290551123072311,-0.13260966862583162,1.0003894315133175,-0.42680636234743247,26
2.93822309765348,3.450913182140093,0.3498119855907098,1.2625777575296453,-0.41555050377890657,0.4602493750667195,-0.7055963910741289,-0.25317469493623534,44
0.9451904640753324,0.5915850826981496,1.144853364168553,-0.6649710352728024,0.6461854728571376,-1.156417543053405,1.2265397094955024,-0.8285460609044739,8
1.5537993614670573,2.1958312654119467,0.11705139872420434,0.9239062902378414,-2.9618982623537065,-1.8451845502120205,0.5038472764683214,1.895054604003855,40
-1.5405462678290036,-1.5945352113276978,1.3126654591214986,1.9217451758237396,0.24911710126892653,-0.8360135621974394,0.9016475433048378,1.2919680710668622,18
-0.47492446090739193,0.07107577493704054,2.7871645101405114,2.312693824220703,1.141353269892662,1.2207600639629401,-0.04885584692491782,0.008999785304324591,13
1.047636898213715,1.5007145090380445,1.894479942106467,-0.35627927419729055,0.7050753220378809,0.5885618457052648,-0.415561807674425,-0.0003391184420532443,18
1.1502912170717243,1.2738463790752066,0.37166328656566816,-1.6139767423298632,0.6762657774768974,-0.11562484663039448,-0.6822983529089347,0.30127608454783195,3
-1.5068138569181233,-1.661203434501064,1.574485386416376,1.3816408789768964,1.4018232009055431,-0.5829569667833553,-0.5925223803058753,-0.5806056391723562,34
-0.6969860831534807,-1.0333118020195793,-0.09886423048222265,-0.5434873588482909,0.2665598987638759,0.7386980136189891,0.8724668932023633,0.5756825034947516,30
0.4812752946355352,0.5578860068097014,-1.045623497636417,-0.34784762980566253,-0.04557284754701018,0.6934880908883545,-0.7470514176746,0.555484972543861,23
0.5295082693080173,0.6266705345893521,1.2233849836614283,0.5018819310246001,1.2562832342730232,0.3136836430697092,-0.5956874012624401,0.49104635601333235,36
-2.528091105573808,-1.8340939174554745,-1.2431134135104251,-0.8345818136869085,-1.7297611234055479,0.897685248902399,0.32054482945267265,0.11561238892160339,42
-1.0608552905683355,-1.1119646754438008,-2.108626961561723,-0.2708467808414663,-0.28574688199747184,-0.22661952316259293,-0.25347585516034543,-2.3976513484882216,46
3.2653452442968236,3.433905563730507,1.1466446494089448,-1.5367878971881126,-0.33035340740369495,-2.590181066009755,-1.987041037992352,-0.12609825528302307,28
0.5945081591234773,1.4294613465027708,-2.256694641457921,-0.3427925281826298,-0.8468826707503767,1.947081747224122,-0.635005524140663,-1.3180157360682396,31
0.6555792874252222,0.8096764954540251,1.7202763001488242,0.5252218315943651,-0.15066432926327047,0.2338510156981317,-0.34918712172212363,-1.5881651748347478,22
1.0742960328400348,1.2952165380664098,1.0945536429437064,0.8137540889485402,-0.7067898194835165,-0.16810919441192582,1.562107093352907,2.2632414622402814,12
-1.8668697743708942,-1.0698991763004722,-1.1104720564191632,-0.2960532501706934,2.6110197249219227,0.14136869348949652,0.6470684830983106,-0.42614448922659687,7
1.1498387136711241,1.188011897806966,0.7607291720190218,-1.9473858869281409,0.882940523417697,2.71693551322351,-0.9666711425500869,-0.12805012270775326,26
0.6415376046675264,0.8338285374224408,3.7352809300203074,-0.9139031868301518,3.6329309081014176,0.001644070544446027,-1.066189623929412,-0.24008164760187395,40
0.9456434067036472,1.3160338670522929,2.490325001580826,1.0920793376865867,-0.5128783503663222,-0.2112710062198832,-0.4404679642480757,-0.7792653966607163,35
-2.7053627193426335,-2.771339759595355,-0.8490645485689379,-1.1983868458890985,-1.0196130086987403,-2.1358209918716047,0.2205658943687049,1.643289315075625,34
1.747391815018357,1.1832781177637424,0.441618646478775,1.2396784234251965,-1.1152259897250758,0.44497589290800815,-0.7544685678271928,-1.7574046808853667,9
-2.1132986797647173,-2.852151366923332,0.2925592475229839,0.4033397175141588,-0.6031768287980733,0.11292153028088917,0.4227927945455684,0.5237138672985244,3
-0.22523125406812672,-0.3339213867841258,-1.2817888298929674,-0.03379254653395349,-0.4460891998364876,0.11415332669962808,-1.3605239365353818,-0.5249319650480567,45
0.47517344054521543,1.0301676173766732,-0.449481243683411,0.11502367298480556,-0.9869397915685812,-1.2712045468247213,0.3197758970955863,1.2987050789520684,6
-0.5446907957585615,-0.05415377164866714,-0.0073024560709161745,-0.8112132125720316,0.18661236907322148,1.4854836715595563,1.1542973809276211,0.8818090766925836,7
2.2327072409690563,3.0401394962304185,1.7437358937947673,1.5752558993716301,0.3847209947744034,1.0366357950525449,-2.574277403805494,0.12851712028300993,25
1.194450757214845,1.6401496349140585,0.5162177239512125,0.18761213978927868,1.1991253131079782,0.1924052490021667,-0.0273761181524631,-1.4217310228870645,0
2.0131805983829683,1.681506379774313,1.1444968778417586,0.4653763941270055,-0.2331297506511136,0.05388391544899096,0.2461989342041443,0.8196830111977739,29
-0.21397949276535555,-0.9489269343915446,0.25042956618649126,2.0172922998897818,-1.1768525371779195,0.06225823520163795,0.43600357287026437,1.0064580336608036,14
-0.5472601487987714,-0.8128704754594562,-1.0461664151802998,-0.5510127775943167,1.0496534904115251,1.9324663291698727,0.09764881717114211,0.6948882997126062,29
-0.3434713208019023,-0.48348999084789235,-2.8803468765499103,-0.2633168374014175,-2.8043880031881874,0.6935409298131849,-0.06336089725192376,-0.2400620982823459,38
3.2630153071368824,2.884151594521947,0.2643333056004076,0.6941648423319947,-1.6825335620077475,-0.19245142440339563,0.27469224204790166,0.667275835066212,10
-2.588800654951064,-2.135286784340315,-2.4072313595854427,-0.01201208539588643,-2.3334729539398475,0.7545376011781121,0.10666971762437616,-0.7150682822777986,28
-2.8322847131785105,-3.2359365865482466,-2.1868189821818214,0.5113025765398921,0.30354859217528846,-1.0410955921653495,0.08813874547629635,0.2882122732553208,5
0.522217897606672,0.804747823556502,-2.048820003546244,-0.6809081120388915,-0.5999637064028626,0.5507600224209966,1.525880912830839,0.4066036639394942,14
2.1029096194015886,2.486201640051817,1.1040904138459597,-0.9635363432532985,1.5701424170347464,0.4458380688320998,0.9929548461672809,-0.1838563052052621,44
-3.398898185503656,-4.276512360127318,-2.2368407034221853,-2.202446108163402,1.7981992380471534,0.21747940743062769,0.8948759536205836,-0.9288583896293165,16
-0.398011059750236,-0.6171289687482181,-1.4831351271030833,-0.51720006570688,0.15870491395851455,-1.8407208904056742,-0.6117318415576116,-0.1768760820642378,35
-2.7027497277224026,-2.0824613012788187,-4.178437326035092,0.24905295340273909,-2.4982904803710233,-1.0098422439880257,-0.4698853436740517,-0.8209846570593766,25
1.6156794542776587,2.0297577262766047,3.5382230001478963,1.456582910571399,1.360361607119794,-0.30399169781025237,1.0235587572883027,-1.1328557510664883,11
2.309395869907286,2.362585626476619,1.2509250795734281,-0.9534765247709932,1.0180972967521504,-0.0027374932598924605,-1.0144251089676,1.0729197499245369,40
-0.47100882944787237,-1.0324764702261442,0.3858424497815249,0.2691322630250459,0.6995797423989601,-1.0695279924039167,0.9867971612402622,-0.11064668482619375,16
-0.6569850905515098,-1.0159126119919022,-0.704220256160051,0.8723881784656174,-2.1501798475590967,1.5678500369272588,-1.3028735386124453,-0.4677020906812658,48
0.25489630732920465,0.29069508850702525,-4.138518015669041,-1.585237173144998,-0.6063826346384052,-0.649412711827713,2.0573404055312983,-0.46940912932871215,1
0.3219198650181925,0.9445335742575713,2.1255233077068336,0.8032014858630679,0.8214222441124593,0.41863412063156386,1.200716769430765,0.4643235023887779,34
-0.7320478052277988,-0.49361870091979443,-0.9563446607791252,0.6091215757156522,0.5317718960348193,-0.031943169397483075,-0.530122125196425,-0.27962378461874665,20
-2.6379390120027715,-2.689280847211447,-2.9761622436893207,-1.945815412305371,-2.3574654234125583,-2.3532417552701386,-0.4461369743966136,-0.6574008130416915,7
-1.5958648710516479,-1.4870682905150483,-1.7623821784570706,-0.00787182401923253,-0.1955707119988602,-0.10388365000567999,-1.9747906759470228,0.303483837212068,17
-0.2935266336924271,0.08744886401212415,-0.047805729657885376,0.27496463973583224,-0.20473585779432613,-1.0011868613796204,-0.04768030550716483,0.17681913434583973,43
-1.8948852498595832,-2.7790562277025503,-3.0708279882857767,-1.5262684493131777,-1.9386405714720985,1.3065600860127702,1.1514934500781624,-0.8507589456952278,13
0.7778257933006053,0.2749630145869012,-0.8452484703130669,0.9847858593822573,-1.37360097463538,-0.248050313037846,0.5901602800513707,-1.0200847614828792,40
-3.2985382014911875,-3.2912305827485056,1.9403389371070352,0.49722744731789864,1.7003040957722992,-0.5915601546449688,-0.2512403049240628,1.3158873702986371,43
1.6913877223320306,2.2875948362927825,-0.2895598252183935,0.2186807913630267,1.2435958501033368,-1.7773879013059635,1.980946017209358,-0.23870459712825565,35
2.650383850384519,3.1816689106782805,0.019368079845819064,-0.7300350300877514,-0.006059532963181362,-0.7178547853434063,0.535443211033739,1.2211207635617072,8
1.9306121119200221,1.5326784502346782,2.6575667480494536,2.240528200979671,0.9401860711218561,0.2389845445774278,0.3991795062488555,0.6231903134564131,40
1.1199671132404196,1.123757040500952,-0.7394708061282946,-0.9694159060158223,0.9385530984420721,0.6939102682516526,-0.28688414140676866,-0.03535365235106752,42
-2.0281254076354522,-2.4067693584472085,-0.7589187458632785,-0.5052563983047309,-0.42143629016807094,-1.4955018647826013,0.563785020407684,-0.20148370984401875,0
-2.7336003815140484,-2.9372558596079092,-2.264748137347883,-0.04901056919503408,0.9359707827900965,1.0766723337143256,2.533628193320658,1.6378943116826814,30
1.7584468203925463,1.8219152284869367,1.8976132014191203,0.6369926155114173,0.8920428381597503,-0.5844657698210795,0.4357963652282403,-0.5988003738856493,34
0.8482971166559099,0.6587728490345632,0.5091254324216969,-0.4607478117674114,1.287891964433132,0.500832908431797,-1.6115481984890878,-0.3497537347109856,35
0.8062773488486173,0.5185796640132629,-0.5870402463512712,-0.8002644230702786,0.5525462662465668,0.8963224894122593,0.2114062049145294,-0.77817784960004,24
-1.6559404665303195,-2.246774512517945,0.49970901658921196,0.7674843306521558,0.1410628673331556,-0.5103427879105943,1.850438982690821,-0.11943316985169279,27
2.1219170740752373,1.3211422355752038,0.4628726393352486,0.44503293575684694,1.797110085268247,0.18133618196825518,1.1518522119556942,-0.8902429485674943,49
-0.9944639455198014,-1.099627801365779,-2.257015242917313,-0.6695302678950871,0.3815669890661511,-1.258940341437065,-0.4981309261842811,0.14781416834896086,13
-2.9276565809313713,-2.840981349358242,-2.692501353764463,0.26622602543455026,-0.2854191360787871,1.0256923844994361,0.3380422648079455,-1.2036186340327761,47
-1.325658042410587,-1.0264756993823647,-0.189529659437507,0.13398200209507663,1.1210956740622124,2.424721966660201,-1.425560846933721,0.5454315169237586,1
2.9247939596716024,2.5070368635985574,1.175287170855313,-0.20118737917726762,-0.8446354772437829,0.5046484415604354,0.6187915598758582,0.3649720036356799,23
2.553523449178017,2.182976257820258,1.5040572975323463,-0.06626768706245265,0.17301864311903986,-0.6028230741767456,-0.8483161852994401,0.2411057920498487,31
0.756031802829761,1.3771836335237504,1.916684451964866,0.6039180421602833,0.09686136434625368,-2.2262319001568556,-0.51361114596429,-0.5611128113584021,41
-2.8511291832873193,-2.6529229780439816,-0.3199941166033917,-0.22212969827889,0.3714770625782692,1.2508272165848873,-0.5487025556292998,1.2941717314737533,38
1.9816044554946726,2.41392842462012,0.7173940802120304,-0.5775444401089298,-0.8117130438419918,1.2197141719694686,-0.6918456077351194,2.007649605112517,36
-0.3137766782850532,-0.6071991026595385,-0.35821617581246135,-0.6113977219585679,0.13229171984280488,0.5147517397544054,1.6395986767895288,-0.09781647556992805,17
-0.9886839121689465,-1.355280276274626,-2.2745568978191373,0.7903297125089086,0.03123171975083312,-1.1343792620583968,1.4287489568971476,-0.7284858817881097,37
-0.5834607264834553,-1.1679975513054293,1.0828698176444531,1.0739010422733808,-0.42921459165239967,-0.5195964980101161,-0.277659781514846,0.6637389565341434,34
2.223887729744578,2.708941746954401,1.6770795907535387,2.108520241891013,0.9356322665638785,-1.0802132168928023,0.09311631703879406,-0.17738894062817007,17
1.6628822329901394,1.0860855933270124,0.6094749262739058,-0.4789472245323946,-0.23384035988526794,-0.757405236503376,1.629396339779649,0.17149035974578075,21
-2.0056238543091958,-2.8794200878687253,0.772153490022873,-1.9713520131114382,0.8547836098715498,0.8274091481035831,-0.2775266693526941,0.6661518292162459,36
-0.7455018624245643,-1.1290155716676853,-0.6674319142672545,0.27430993623361655,-0.39640922334255296,0.24091374687337835,-0.43092487547522546,-1.3082568256458225,8
0.7971082562693373,1.4191165929225162,-0.19292960701064518,0.6835316740920018,-1.0621166288121449,-0.32468171421007863,-0.8198705806438399,0.7440094031207043,1
2.453477679938016,2.4574165642106807,1.3498455298739342,-0.5604204730824849,0.7430361159787727,0.2913810776431521,1.5083446511827956,-1.00081827054466,23
-0.3238680058932065,-0.21690003927434273,-0.8897357911073895,-1.3281688624853945,-0.6206080761380287,1.8526555951506232,0.1586869791834628,-1.2005743639018251,1
1.5067233485328864,1.555088838399955,-0.4654600708324727,-0.9879009924103683,0.1754584110667245,-0.6343734646307334,0.008754742999965558,-0.3526281143831561,48
-1.5441750365756635,-1.5768052840358209,-0.5010404052206184,1.3122178491120995,-0.048168508007145665,-0.43493740160677635,-0.4085215434133684,1.466171630241795,11
-0.5267623054537093,-0.6202580862130936,0.6560892378799199,-1.2009502042773588,-0.2365448814601538,0.8764559496904262,-0.8811881115585221,-0.5942536357593913,6
-1.8307271751393883,-2.5408149729671274,-2.335639671487444,0.7146059185855564,-1.3547480155355922,1.6336291551727733,0.9215583280899051,0.48578526817135287,11
-5.729263202799959,-4.909029349474287,-5.241381879254656,-0.2388929863060008,-1.0756432695487685,0.14824383650370007,-0.7491957131027234,-0.8895985498269295,37
1.4125373639243783,1.3265061284148478,1.4995562235186648,-0.6287324615003296,-0.5842359694890397,-0.6397242459634329,-0.5054669467465395,0.6431230422026126,0
0.24005517117210565,0.8351487040410575,0.14578950722192602,-0.07889354376731891,-0.5038026139335896,-1.7571049546396174,-1.6273796795575244,0.3419898960360158,7
-0.7896332105119865,-1.5792728583946296,-0.7151833063470746,0.5545848270657038,-0.5265317811222416,1.2514962926321302,-1.0660106518173051,1.164951314028915,44
0.49235095319162214,0.7524149855931728,-0.4508581854950498,0.567267729050484,0.6510443256039791,0.2007421729796257,-0.5010227410005911,0.20336654961518066,4
1.487802555239437,0.8889059681031533,0.6537830619888837,1.3534879569266336,-0.32668990136805043,-1.0156732617385473,-0.4768313435152317,0.033064558153777734,39
-0.37255504414115204,-1.0272869526406168,1.7588199764317873,0.36880882188194036,-2.802652288431484,-0.37005734122140177,-1.4686411351884299,-1.816744188113361,41
-1.460813032689377,-1.338034762657173,-0.7264089743187527,0.2333925111231887,-0.41931461547153204,1.3110284615105725,-0.5988413976585087,0.337349789464272,38
-1.233900118943582,-0.729836606320795,-0.26848870272110226,0.7358282546567365,0.12770880970687737,-0.40346590058198567,-0.13853722509505856,0.8050010511328918,49
0.6238629363305319,1.2960849301184447,0.9047775327712445,1.1425429940959309,-0.6916587958600195,-0.41996230027912895,-2.5416508628540595,0.22233925226955772,40
-0.8340900495237806,-0.18019606629452545,0.45312339228284493,0.781759733671482,0.6251401130737223,2.1125052477353825,0.5564207191748465,0.20521221570098133,42
-2.2594276555296307,-2.4050096009007516,-1.04313460402545,-0.21461141362530547,-1.9345787392944829,0.6903114515325827,-0.27420384235341594,0.5798332674549299,46
0.02208904174313761,0.4035253579628134,1.2127986208360086,1.3077916727048469,-0.1620092934018839,1.6185891317920014,-1.3078886921416881,0.8820481572442774,41
-2.0475925525471492,-2.355957810205846,1.1342820517653778,1.8475431478893498,-0.680041256122862,-0.4890616147286152,-0.27344535768299066,-0.8582982886952157,7
1.5788278628099417,1.299166840807501,-0.19835072714478472,-1.286137192095625,0.5679964700625225,0.7493876123589897,0.41822237531429624,-0.04670795333966737,8
1.2295765918358628,1.341034381733602,3.1603433821493567,0.6317972221973474,-1.267271556849769,-0.7817705805976303,-0.01520589876757852,0.4490221999790283,24
0.8791909452502403,0.8102790104818416,-0.8084501199048251,-1.4717270024670899,-1.6584441993188994,-1.3845310178361196,0.030286563982398696,0.27656115572430773,16
-0.12081517625816168,0.29255204066741997,-1.4123862967639318,-1.627052976109194,-0.18309918801429684,0.44184941533756317,0.0005505082327681159,-0.918288583488563,18
-0.7617996419695279,-1.685597852419257,-1.0606569139380295,0.6496673254405444,-0.016700181754496106,-0.6889805689627229,0.6179529669844972,-1.9296228223304666,20
-0.5198374957787422,0.036938253617917804,-0.6887076512855261,-0.006863933016134681,0.591433189138,-0.3021337849778872,-1.3264389085910933,0.3395429985429604,19
0.36692547678240706,0.06700081207135722,0.6007227038422367,0.05770419703048517,-0.3128131583548175,-0.537930017368474,-0.5811481072537916,0.7331177986018916,28
-1.6890183062517634,-0.9621681223591174,-1.6257729656037876,0.03753906915825972,-1.1486597477549492,1.08622868913035,0.358591542612563,1.6744347608732806,33
-0.07894286476698897,0.4819303954853864,0.8562611697424178,-1.6088775756624532,0.47698087246088794,-1.4024039232959025,0.013740889757422745,0.4396556160198595,32
-3.521525643300214,-4.105487850049402,-0.7890811603122351,1.5580096517092952,0.8968394740835739,-0.8352318419061654,-1.0403355869244206,-0.8333360537996154,18
-0.30951417741872445,-0.3439961316714901,-2.5341532512838385,-0.46230186708111315,-1.1614143304284408,-0.0593388430714901,-0.28662974112772505,0.46105522107730396,46
0.2052958349010814,0.533952532634067,1.8185946490653508,0.4242388732832697,2.632648111412789,-1.406670761640119,-0.6887640406868454,-0.08984076436546412,46
-1.0656586947519773,-1.4701070375113945,-0.3091672739332172,1.278198678069325,-0.599338748775669,0.2840339647137738,0.006255949936014749,-0.6460600407645595,28
1.1186264174131417,0.7397443449934851,2.6211745758838205,0.9051227418812203,0.5595785120091817,0.4353203231021596,-1.6179774443353387,-1.3927325088081386,6
-2.3558267609398573,-2.516953168755626,-1.564200764646871,-0.20266074432232545,-0.00853858487857258,0.15728967084904483,-1.584031623265649,-1.7733599373669837,45
-2.504552719954761,-2.14223232030996,-1.799487226130399,1.233804863747701,-1.5106590387804133,-0.5059581049962446,-1.4107165904295413,-0.6659941176564488,8
-0.9809428087569458,-0.5374344271668414,0.4164912670763483,-1.2827768907808548,-0.9917612514756958,-0.8210675928511476,-0.14566392700979994,-0.39064866956419897,37
0.21479844222925215,-0.004522653430587692,1.2201519095212614,1.1296060821600946,2.2059734624841227,1.3939315945270705,2.3745093249217155,0.08202320380131706,44
0.2194426204871812,0.6235473823056236,-0.05925206476920142,-1.2188330738970063,0.0771558805634637,-1.167787694455522,0.9334723179321434,0.038516092236630724,18
2.5664088392324422,3.2919600999055323,0.8868807231562467,0.457957960422064,1.307234604114106,0.6041737414830771,1.1668591400675514,0.24587341956432876,12
-0.45425753092820925,-0.004340200157672003,-0.8658584226697146,0.8953121792259315,-0.15162461538533886,-2.02499890208124,-0.006794029182953645,1.9040966713567633,39
-0.4985505807215418,-0.8719296149905156,-3.6435384679937552,-2.0380720917972304,-0.10155679795123192,0.5905196300738635,1.5228486541647706,-0.04254465288775325,17
1.6676079292319255,1.2402989190677065,1.250809253656176,1.3058580967078068,-0.3582351018903389,0.07643354866697567,0.3267560291645489,1.3720653982250728,31
2.1821733223342394,2.316126246368541,2.0328008673201032,0.26257389645852114,1.0923736169576779,-0.0721369232831274,0.04757041343895741,-0.7478260788539737,22
-0.4552722196491563,-0.05416255070577275,-1.237924396284822,-1.125412269299729,1.1119401717863415,0.42224216785280816,1.0321370349690764,-0.6941068929398739,4
-0.32905959748672686,-0.1233744889110936,-0.08481331042462115,0.3926115452310211,-1.3071181985415699,-0.00797664699944328,-1.1932821817753168,-0.49791397983221,36
1.3605995738757481,1.161153033159129,-2.77910583613656,-1.7665931132293713,-2.0622142710692093,-0.24403171571004775,-2.1371377022456253,-1.752374100531883,0
-0.08294287414530566,-0.552700100979798,0.04122008533682461,-0.4475453592124049,0.58284792358041,1.4805735363396317,-1.1706926679030694,1.65244706880507,45
-3.5491813274028243,-2.9246868760772524,-1.3257290763918355,-0.03575174173557781,1.8363336247752993,-0.6043946251469976,1.3423337002769762,0.2688459674404953,27
-1.254805470392856,-1.3363062852293313,-1.113682512029816,0.7831535532873165,-1.3022753774013405,0.12949203590790745,0.8501541120305494,0.7304736043283396,33
0.5681827582711262,1.4894501834714693,3.04262118372681,-0.32523463356186766,-0.2150393400533034,0.6043201827695781,0.16299843351149662,1.7233584781162854,11
0.2018875037132939,-0.3756252792400614,-1.2198827181768745,-1.9366904881670557,0.11846597151553045,-0.8345082661492772,-0.24892033204296066,0.4638878532809784,11
1.0002845466380923,0.8288341752288448,0.1685290687114716,0.11984392113807862,0.40309111307300105,-0.3814658930989159,-0.1853533610281466,1.626068835398615,23
1.3773926680255832,1.0517647266739343,1.299644710074122,-0.38277742369196144,-1.1838909941923825,0.5632380889854907,0.3567515083731077,-2.311572699427551,42
-0.28040168005686217,0.6301135184771562,0.3929019814499424,-0.6909672129431724,0.45539754721669934,-1.4639055542625534,-0.8548298196114942,1.2744016438993708,13
0.7039869965634603,1.3129865483831176,2.1024206185107666,1.4035787597873512,-1.0487859394441654,1.1869756401381286,0.7273624203778154,0.31627672723668304,15
2.6290212475356514,2.377069503230795,2.0257451055185896,-0.4603502063361069,0.5595132804217576,-0.14774654903557807,-0.9613885695920791,-0.5278106339919781,25
1.320189401839923,0.35570590089414345,1.3524785959510606,0.6966061195205583,0.004336474884984136,1.3025874187532374,1.2820642156881836,1.088591771861797,4
0.06320624013711829,0.6308793986245478,1.7735701136071689,0.6889193518010661,0.6987820531026212,1.7126316927078502,-0.34670833679802343,0.04651159227771922,4
-1.5005881217360812,-1.4410181672039724,-2.2039199545649786,-0.715915591417161,1.3349019115982688,0.07303793210845126,-0.9149984051974928,-0.6738750045687861,1
2.506540466488658,1.9404782453768523,0.4794845545369548,-1.5174958404541263,0.49019100313223524,-0.20957935965071478,-0.29901789288303904,-1.9026792709995077,21
1.0154948627852671,0.2635213449408639,0.45294805910848623,1.730871375444107,-0.5044167860010569,0.0502920671892555,-0.9196972122707334,1.7774241211233106,41
1.8425670690782232,2.036658685476486,-0.30709692172362635,0.24022065726992725,-1.9547741908423308,0.5209826601498965,-0.1509234382017827,-2.5653297387022476,1
-0.24805083014703289,-0.3550721961772444,-0.36994086500577555,-1.0198874754192975,1.443597344787052,1.7084326401094838,-1.7710703644254109,0.08765186647364522,26
2.8585811273226676,2.925596363730121,-0.4310999270874012,-0.008805010085138789,-1.626074601029064,0.18615028529327657,-0.4990231848021528,1.5955420741466257,15
1.1717105542005655,1.3635404754814797,1.213170238969152,0.18052955163788073,0.7387617719816764,-0.30400214084338345,0.050723709359622046,0.6635082322654361,12
-0.00023728167815018075,-0.18874997734750568,-0.39127200891812475,-1.220967090753275,-0.14591329684317053,-0.9496408771548634,0.3499754457239426,-0.6028072459930403,19
2.2025371398254054,2.0625411783013945,1.3153204708571207,1.8171333456354974,-0.72546996614147,-0.6689625810132264,-0.40025452378841314,-0.2485313443807987,3
0.95175532609363,1.2754183284143625,-0.04465608190036696,-0.048126647201763885,-1.2720741531781157,-0.45712366705527485,1.1508041854624946,-0.5903802929542743,9
-2.734515679801568,-2.793422370432256,-2.036772719894963,-0.13882023956781558,-0.5012468456227213,-0.2578455182572673,-1.6633914515900254,0.2626430150582897,48
1.5588461976691035,1.416914446991597,0.63004133547825,1.2726792447675095,0.4445230403453923,-1.3716242763816222,-0.23544205111548094,-0.059426431858783615,5
-0.5332449730023432,-0.2194061367899784,-0.3580915838276303,-0.44052733731517574,0.7650269222349765,-0.6671828000829959,-0.49469244526040695,-1.2614410161048688,39
0.7120937736104401,-0.2744194337050774,1.4652270748690568,0.08368116178341145,-0.02968459169311567,0.5416987667905406,-0.03213222024968662,-1.4422424207159388,35
-1.518830554234146,-0.9051611609291164,-1.2085882373283796,-0.1836987473227538,-0.1448574366087709,-0.880617849966759,-0.2794801829175132,1.1449428421717665,37
1.5177766796588918,1.735451757478326,-0.5391082557777527,0.3685350983962052,-0.9513890838130054,1.7767751742646472,1.3172636538909328,-1.250345041465763,2
1.0718443483788642,0.6884810852743929,0.2687241328605244,-0.02071720316396579,-0.22950870702217444,0.8077828481548769,-0.028527928440458285,-1.1113350798978892,20
-0.9325917664846705,-1.023402673015546,-0.7721553534565094,-0.08710761509480648,0.09054685439087773,-0.05384835935923591,-0.9245388017754433,2.3173647825841295,19
0.7298172489277103,1.3369998366843159,-0.06325750084056042,-0.7433933856816454,-0.9447526712941243,-0.7167046820901938,2.3919042723448367,-0.8208069550016242,10
1.0836030708854512,1.3555926314751368,0.7034883147835428,1.159823436209208,-0.6431233748300487,-0.41584418532473294,0.012564149981432746,-1.3014701106434419,12
-1.0475155336327304,-1.9338388133586353,-0.9685765746136994,-0.46029146258587617,0.7148363852874857,2.029612800394793,-0.18158124242864662,-0.958122336425664,18
0.4452075505439558,-0.061515977516577,0.721578824935974,-0.9472471896362806,0.5618939222452881,0.12225928527241417,0.8343557412408306,0.7660912676482546,25
0.08615979986131594,0.17452013381016918,0.13620597435484266,-0.31038125152647267,0.5174890804618323,-1.301684088483837,-0.6049749189701631,-0.7375565269488867,32
0.6695048324616519,1.5538460822780826,2.0368856429267708,0.8526522104386385,0.2259667742652513,-1.021400598397895,-0.24462461932519483,-0.13577842886529135,22
1.6327561688512575,2.0100958125141792,2.217500653340572,1.6321571190310336,0.8712790945701056,1.1902231021267713,0.8124955549056446,-2.2933358408416997,31
4.376989636221141,4.277058623172851,-0.5140300492920654,-1.4896414249760372,-0.2779445726704535,-0.5351506223822556,-1.1766238731208174,-0.613955087222447,35
0.7748993693113163,1.0604636086947035,3.8932262613460473,0.641200839553615,1.3867842344540309,-1.9505469372029756,-0.46626301348977944,0.03304272366543922,5
-1.344153322259908,-1.3376237206979977,0.09463634448534797,0.02073244734928602,-0.12897200377774942,1.0226527026742993,0.8882973978191846,0.045536985207762164,28
2.3996359547542587,2.2481730472840122,-0.1816930379590057,-0.04160604847479997,-1.3016903423654833,-0.19896374402429148,1.7207099980188805,1.4555179720190554,42
-0.3072044054396904,-0.11901836353887887,-0.5314583910206574,-1.060240019293214,-0.7957737969944192,0.04311724265412908,-0.10393912786517241,0.4987029261731615,12
0.6342373503971733,-0.427998933014862,-0.23877351632728655,-0.49194161110998536,0.28548089009279953,-1.5523153345399883,-0.12834958219991685,-2.879453421706853,29
0.8701956216036167,1.37098705310009,2.4154263734113424,2.37390503847986,1.2898933003403341,0.7338728996498618,1.031755809576166,-1.6268488138392863,14
-0.3467068738112955,-0.08108860213010888,-1.8363458576639546,-1.322762890086288,-2.2071690673125097,-0.8829982234206508,-1.4617120939632782,-0.8943963149212185,28
3.9957506310174935,3.7767018619398205,2.9154219831834034,-0.23765095669737518,2.281778526637643,1.335848672838702,-0.7019125206260616,-0.3053943491650883,13
-0.4746993441451388,-0.8997053060364719,1.8108620948986287,-0.5372900638105007,1.2353510692390204,1.251358401244554,-0.7983063561940955,0.038120243635397545,32
-0.4740917597676654,-1.0732839019385527,-1.1610352331104759,0.015883906995487754,1.2441893095638166,0.3374001106834766,-2.0259653654011482,0.6114250300147824,1
-0.48308101650366186,-0.3484496072816372,0.43620439450415716,-0.6698200230026206,-1.201424377234617,-0.1257459822013188,-2.8465673564109224,-1.6942173051876583,27
1.128855045866141,1.202139469253072,0.9965164716566575,1.0201609048973415,-1.3858333306195816,-1.6473924413010674,-0.4226518998800263,-2.236321951357662,8
2.7477243366867468,2.8350615531836065,-0.37377642179458703,0.5621665875581656,-2.7782362313175644,1.8634963188741844,0.857431172030376,0.7715009345462416,47
0.7582150251041782,1.6069858792797862,0.308431578744112,-0.4498990563172937,0.7490171827345535,1.9012677689014115,0.6213264502469373,-1.0177070868307094,12
0.8193779784082584,-0.2728335292708446,-2.035292521547456,-1.4835871876563116,-1.074223231512185,2.292565335049926,1.2035476784737082,-2.3689335096089863,11
-0.4498266173899361,-0.807570025823928,-1.463676142678137,-0.2910475572493151,-0.13070137117948688,0.23223694968855796,-2.6840791988509105,-0.9736532865759184,10
-1.9580602445481268,-2.3419154951617056,-1.1048729888527804,1.080462086432682,1.355270764047574,0.11231210812150598,-0.16964002629068742,-0.4671312072377957,34
-2.1605808552949113,-1.690673021077107,-0.9035309893905482,-0.34275295732908095,-0.03729577888672436,0.3100259333570605,1.2714123666853323,-1.2332757013445768,46
1.1345347209877752,1.009797129353557,0.7378266410778997,1.339055210221165,0.13857823028987057,1.861115698641978,-0.871914540726766,-1.19877480961725,30
1.1832787514948695,0.7156580929423342,-1.018739081134231,-0.8774794336295625,0.5438882271140122,1.7954692330019149,-1.294412428946107,0.9836979347628058,30
2.7081914874275133,2.8112447015404656,0.5848109830339232,1.316776949004229,0.3399243902657886,-0.9026487948518701,0.31171784669335423,-1.130714626812924,49
3.253384678447765,3.454836612326061,0.5390577097997833,-0.7282616415730727,-0.16007967044796167,0.31755997796530905,-0.01393076217340485,0.27541838733820323,49
-1.6211094072392795,-0.821677776203104,-1.7931063077281955,-0.25480299600816914,-1.4886610586565894,-0.7546254940202879,0.5941006099941706,0.18593597524993466,33
1.210032324510122,1.3362916600399517,1.0443220618173596,0.5293156027245801,0.8538932510704413,-1.4308268306038097,-0.03197533059225345,-0.3866052025066934,8
4.3980488396638995,4.1800582852763934,1.675556729970889,-0.37233345117637767,-1.7113952433547575,-0.5765197155168975,1.1838946668793646,2.327116063540769,11
-2.2163885392641793,-2.4654969601850625,1.0464878576210774,3.622238114275797,0.06501563911865281,-0.35312365083919045,0.6500646335888469,-1.3789089873993874,11
0.9289565736881866,0.5261266715789212,-0.22717749372341756,-0.6019268205722429,-1.2372055141360903,-1.9004097364387451,0.22441741115700126,2.549493539598428,18
0.208065704283319,0.4503752413382165,-1.2109276181251931,-0.043112364408030325,-0.2825383886351501,1.5106782378310335,-0.3917772371427221,-0.9852336193939667,47
0.105704630352501,0.511200371353064,-0.35661927332285004,-1.6730824305072014,0.445354484154867,1.3715867704368345,0.6634191008796846,-0.29784917800078026,45
-0.5409409558035758,-0.6530279517716431,-1.3898213823964958,-2.0013916513859673,0.6726467524839672,-1.646830337714925,-0.6708827537815623,0.2744335541424211,3
1.8002905072277304,1.7334181627255063,0.7968068158342769,0.534056643511236,1.5089536236183334,-0.003888338844161372,0.9099191604070979,1.0792532114016697,4
0.4937732356226068,1.177819589377489,2.1362211845153953,0.2935539188240118,-0.7092346546016155,0.29581588208765325,1.0972127505540548,0.6711240722533361,38
-0.9666722521120903,-0.9164571616344485,-0.33249270666470737,1.1577301265403825,-0.18692723839168124,-0.1424956588302923,0.8984770309116233,-0.3771430177457653,38
1.0211855892105106,1.2685252068766721,2.1863033521539297,0.39916084508928457,0.8416930429492535,-1.6731524846837278,-1.267506406263179,-0.37573936620441867,19
-1.9828063873258508,-2.520638584856992,-0.8387360773908915,0.06142723022752258,-0.70017146396598,0.5080218574420379,0.40726940871081446,1.1492723778838037,25
-0.2968859781228186,-0.5967262500301305,1.5989109900635454,1.0600645537781714,0.31938123370988913,1.3214261731821608,0.33912419756540957,1.508066844530735,19
1.18235862607568,0.12311691228658117,0.25475112078266493,-1.0129180134824183,-0.417492438631454,-1.011614412148055,0.828568973033737,-0.5580614585159784,1
-0.39744572566423064,-1.0750922361496076,-0.21065924542442976,0.061085923536279514,0.0987115098513041,-0.20211576706925,-1.5393648266627167,1.2004606387669035,37
0.4233557812114842,0.6062124752347798,-0.9070361554736097,-1.239246494610968,-0.07778931521340503,-0.44669579747727317,-0.6066871787706755,0.5435951515998471,41
-2.5250989007348,-1.9066050189655082,-0.3971637495734283,0.6190298575185803,-0.2752393470896967,1.1904984644408017,-0.09667810221462608,0.23362693950689287,35
-1.423500823745401,-1.5555933004081002,-1.3592523223270265,0.23739555490452052,-1.899389168223794,-0.17635588538405614,1.3393685262968893,-1.1218531436674997,9
2.014956513466661,1.423394491360134,0.6359349693285548,-1.4617047445400344,0.9915295415038162,1.4678573122569658,-0.6030640897271035,-1.279889745812973,43
-1.966717889832966,-1.920306417199644,-1.9420762307633763,-0.02640653745897182,0.4545376166044876,-1.4780402257634058,0.8518480225332138,0.41245197985400395,16
2.038094603594386,2.6059239368256524,-2.613801273173798,-2.2998830083469897,-0.5669579633538447,-0.2601644069726063,0.12361202299761186,-2.794639057005176,26
1.5495342285168423,1.4688234829664544,-3.062745026928596,-1.5472939254842701,0.09426893392765145,0.32122928991236027,1.8663767955761401,-0.5160762924035804,25
0.14729248653129623,0.6034290703455258,0.6934671406160016,0.659496787944655,1.5868658258922064,0.8300145350349918,0.29856267684054144,0.4081604336993562,49
3.262549976267917,3.2316432101037673,0.6172723916214709,-0.37328451029117565,0.10925366342943829,0.6166008176130887,-1.5922003242541818,-1.6851979142220705,16
-0.8346951335951707,-1.4448436120734094,1.9847375414494974,-1.0679594352017188,1.3599631813538602,0.9244290678812064,-0.2903347992590153,1.6127752147316048,35
-0.84717982352182,-1.2964289212432665,-1.102877280778948,-0.22918198742618354,-0.650178904432088,3.895566624599476,0.23119107821508375,1.6450467523472325,42
0.42841269382266145,0.3018531150187207,2.9322941504177504,0.8627340191928101,0.9645860387014092,1.8431399252542693,1.220226556579484,-1.0774273061575974,9
1.2266212671578656,2.358477925992002,3.1585114441471758,1.0070643281812621,0.21851329147504536,0.7236419100051811,0.6291561176139012,-0.12686400424017194,48
-0.7878620241117621,-0.4974335049187864,-1.2602054876809545,-0.9309789547164578,0.7360739616241593,-1.571282301660515,-0.29339801858780895,-0.14093043853908627,45
-0.05858315110504164,-0.17622545594548011,0.2935330534052728,0.43795537542880697,0.5753343079319383,-1.5909937748000933,-1.2542120926333333,-0.5582843106750356,46
0.3085356217448444,0.4529984302838962,2.6069263970711662,1.9700995895750764,-1.171414780909402,1.0766070001595542,0.014484495756381556,-0.5026600724421634,32
-0.5462927170721259,-0.440295040188243,-1.5738750429931074,-0.5339656211098539,0.3264198550889874,-0.6655103529623536,-0.1362003931200276,0.4699217123186703,24
-2.989701599334844,-3.2086628410649407,0.5038001824875482,2.5598201857306844,1.0655354239641806,1.8633616807445197,1.2834828992855047,1.6527308866767396,20
1.3696183208624233,1.3180787630844093,2.8685949239535926,0.8132808058894113,0.7250502391545722,0.1676687800424145,0.8904025074936531,0.07308627066532765,39
-1.3661980847251063,-1.4917271059813269,-0.005066350578425416,-0.23018759957157547,0.6378431198649028,0.18016417946423624,-1.3874508049118053,0.09540008667207961,2
-0.3600720112245046,0.008517272000712173,-1.3743338245018375,-0.13858925464754046,-1.392636381326869,-0.2962835165032156,-2.2843557720057115,0.12362682670641628,15
-0.7206795752692174,0.05338574807282814,-1.4056082178619667,0.6376933578236438,-0.46321080833522094,0.3756911081949457,-0.42096117824966817,-0.6989672475634178,45
-1.3947288978332075,-0.7355872646065077,-2.9207902945008115,-0.12567563647329694,-1.0362467943138527,-0.9050238842687753,0.24796705297255428,0.6160353976979955,23
-1.1388059533641854,-1.296023335175309,0.06884722683552158,-0.7378985303745971,-0.27599034032782527,-0.24616260057373876,-0.9657502791981661,-0.5032142293453725,35
2.803707578794518,3.0789695147362948,0.4800476396391111,1.1683219030624123,-1.089953613015404,-2.0724003401751396,-0.5224008718912259,-0.992138749363836,25
-2.987815365773529,-3.346217277486587,-2.1949685904771115,0.7257095454627689,-0.443828375321528,-0.09834741469562062,1.146039046106761,0.6444017572636387,45
-0.5077882264329432,-1.0487219279968654,3.7719526294622185,2.6374742836044462,1.5251445289820165,0.6289647760093228,0.7050435084974758,-1.8722067405948544,21
-2.1906571449052477,-2.152219257891742,-2.2618829763084554,0.9955701260605948,0.14843712481822816,1.0090336536998687,-1.7039749489118243,-0.5125516737719911,38
-0.12904278465928526,0.1738295781544249,0.36200599709073145,-0.5995760465303922,-0.703369976600789,-0.451704076188288,0.32435186831603585,-0.4012348812035947,9
-0.14639467407701212,-0.17651761496414434,0.521255637005685,1.6473481585625624,1.6243164015878089,-0.5933607668863558,0.140385080677689,-0.14117546335861847,45
2.317426605469109,2.728912298262407,1.4643090271947532,1.2196833333157795,-0.1344005971979704,1.1314305857093332,-0.21332228508195317,-1.5458136227823829,45
0.5965625570862034,1.0082629628913566,1.9527019100293241,-0.295964846561381,1.0110617628458982,-0.08334860691745934,0.5378177056010258,-0.9539692643118701,23
-0.05307377417022674,0.3234506406749162,-2.7255548879058913,-0.26316424349557455,0.008744061800157079,0.19433059361840377,0.5583871643284576,-0.15207945996303318,32
-2.9413263677789887,-3.0166202646832905,-1.8352212192257584,-0.564096028619402,-1.3710395058762574,1.771405770099959,2.4197427222970576,0.5956490040272655,11
-0.9483142909023263,-1.621835059943445,-2.168882635383932,-0.3702686011115196,-1.831285552254671,-2.2947493980645137,0.2108235004911925,-0.12018586092023019,17
3.143122825501275,4.037287507403921,-1.3175715886308754,-2.842968570218887,-0.594642586656725,1.4298265191952293,-0.729409837708861,-0.2130964049555542,40
-2.219091885940175,-2.454093891701447,-3.531771097765308,-1.64141894361009,-0.29455349006431303,-1.8511236250369678,-0.5024272624940973,-0.8411196705618823,15
0.4556616200782715,0.8198846578717265,2.9478235889775677,1.1687439218092217,0.411464849919446,0.3681115877706283,0.6899849886874729,0.01497703055527037,10
-1.0926642262772879,-0.8503683902178036,1.286381432226195,1.4242013429182594,1.727835239824903,1.0961135740710877,1.8795558603390004,-2.7874054212198556,5
-3.017739519927262,-3.1883390063555073,-2.7202614488223844,-0.5566301487676767,-1.32347840312759,-1.034769754158957,0.5818763572634289,0.6389592373709424,43
0.16338160031581905,1.0702737916167,1.1636121225046634,-1.7628799616421964,1.8947629264055519,-0.15670982806168635,0.5136729136041294,0.9588474722559134,23
0.3649618898616569,0.7004698028466697,0.2528343118526946,0.17174094807314452,0.2412954380295823,2.1154222936899107,0.24999608670040496,-0.022764218718652054,19
4.74321193735442,4.73771235748938,2.131072304983734,-0.5389589995939101,1.2559481210967038,0.3525238631959905,-0.44835438898490576,-0.9740608353586379,16
2.914621789216854,2.709071654737102,0.4357430903677681,-0.11605529284445716,-1.932877675516166,0.9861952432693898,0.061962969627296326,1.3257852175351597,5
-0.12550311350950993,-0.6038231804880847,0.019228475497858888,-0.7244295466659039,-0.43125849694676066,0.27344963209697415,-1.1982947663714845,-0.6808017309360735,44
-0.5309161350316994,-1.1569529256157143,1.0000162818833884,0.1389851882272429,1.1979086237261252,-0.6483526192318986,0.7201546239224126,1.336794692111112,26
-0.8640907964621749,-0.5797076995223047,-0.704068891417196,0.21087861816523187,0.32837219831198167,0.0688495195960377,0.45342928537950733,-0.2736984152170535,5
-2.9918603357640134,-3.208982970521899,-1.8601480727213247,0.7420349093193984,-0.21936158053283009,1.282970528527747,0.16861335822056528,-0.763022898070702,13
0.7978972199988023,0.5746729607193599,-0.3150528239398258,-0.6880321153706535,-1.438802666520219,0.0005540130268669929,-0.8511692934022246,-0.21727811358302376,10
1.77826050515256,2.0298937452839905,1.0410963723447044,1.2580825242717288,-0.4882047910951295,-0.6034857826776577,-0.26686132967729764,-0.6853564539799127,9
-1.7621663101196454,-1.9332132918243594,-0.5552136857583424,-0.313471747812607,0.21245433879755754,-0.137986305113302,-0.5710638383406583,-0.17026944791639773,32
-0.7155923005603042,-0.39155279040631036,0.7977008157809083,0.36266535543095996,-1.726404492700944,1.5855590553182526,0.28875393824380335,0.4920108939155861,4
-0.2670302721818394,-0.5827702634865004,-1.061330035267619,0.642474778711318,-0.8432232632368787,1.455242474847619,-0.2901700466104077,-0.2605292113535201,13
2.631706841527005,2.3756909291113297,4.558536504069531,0.5061299047300837,1.5577978650668498,-1.1681349038389388,0.3455868501924829,-0.4585148125771017,13
-0.15055362235286793,0.3052245807297508,1.1802368416776323,1.7506544233490773,0.09005557731435507,-2.075220866851806,0.9035841513485241,-0.02258962724411404,17
-1.4281239411443756,-1.7641546819632303,-0.8376447266503003,0.8179663707405939,-0.26784472453416963,-1.0003079790927822,1.2342177047273237,0.3868034579862049,18
-0.9763341446228198,-0.6726627563167189,-2.712125128860148,-0.178584694556392,-1.9568572960079176,0.6440710312386989,-1.0112289053154555,0.00023967736485003177,47
4.164980437467111,4.41661167497891,2.7226835190525867,-0.17971151972143962,-0.23532494801932885,1.4991444026468466,-0.33565698424763185,0.5381025606860679,0
-2.3216642443327546,-2.316646362425172,-1.7346690096093271,0.07892093266882284,-0.6378806696983053,-0.9363905933020177,-1.0798247051691432,0.5765555826001285,11
-0.8592883000095263,-1.6769460265725227,-0.800007923856126,-0.02008056952341643,1.1390880343909273,-0.5561273614028652,1.2156290931252587,0.28567243964126526,12
0.7061546446458191,0.059119571636500834,0.11729851407138268,-1.0262602541380201,0.9928256447246323,0.10401499478669804,-0.8395661169718135,0.7104342181367136,7
1.1484820561095477,0.6080267698744594,1.383430761594084,0.01651303315614224,2.1902843868545916,-1.2073726459606335,1.3145069789056818,0.013026601365709793,14
3.1316103017759236,2.4957185500677785,0.09189261344479016,0.24768546490393886,-1.7858082224147571,-0.26670210957608176,-0.49851470894315997,1.1306262752181355,16
2.6316531240798473,3.0591219504906317,3.513695484750201,0.6476146608082413,1.2012793447580343,-1.2661946910761248,0.9998418224651793,0.4017481723152875,34
1.4367834930528343,1.0070212425693759,3.7254614708393112,0.9027436087471606,0.8487765422464673,-0.08493189833883226,-0.5372831935655619,0.8312193197423722,19
-2.9875785921319995,-3.6003385670869297,1.1617936149280244,2.5764802371229276,0.042859753989183194,-0.8649616522080585,-0.22538897538592712,-0.19186938133077924,15
-0.43304584003092206,-0.6829792849662327,-1.4869014389197395,0.48034435139369874,-1.8753724504398468,1.648411418764652,0.1157780112737992,-1.4068523894432075,24
-0.022934858941279612,-0.0704600537523411,1.8597640046854376,1.0594060486021826,-0.36940968218128845,0.6746096862122515,0.08228947408871877,-0.4421549204400945,29
0.05722950244867708,-0.7671094245673284,1.9589741042467137,0.594141929700353,2.033961824336771,-0.5919237177480775,-0.14906473785897043,0.039727574520938544,36
-0.6977217506435491,-0.3982821935301496,-2.897779457063921,-1.2871774324723024,-2.0525217632552217,-0.26222216533812676,0.6487312272574922,0.3653976598431013,24
1.3975904291598558,1.7552760979763378,0.8771221476092317,-1.5732708468382604,-0.13694174884472318,0.46407822423950196,1.1675575384715986,-0.03403285721256635,7
-1.8653488888593568,-2.1594120135372923,-0.9338620559565105,-0.4135064371201595,-0.9309380751727584,1.269069595993053,0.8390944191087639,1.4567827713040562,19
-0.9207272183965953,-0.521271031365437,-1.7677289739574351,-0.1642418569166501,0.2809159123516775,1.021427150918871,-0.4763133311762281,-1.2848087593822164,9
0.23024713135421382,-0.5375590617205755,-3.503805393981951,-1.3018867602521034,-0.9080366944125298,2.6133932796935584,-1.8187375272473947,-1.7482921963187812,8
0.1511620207603236,-0.12140038031024342,-1.2503973511307271,-0.1213931298893782,-1.031902358707147,-0.2210111976172154,0.10600289887543497,-0.17899329063039718,45
0.15028753851380172,0.06953897801327684,-2.7454117879076403,-0.5493407557673328,-1.2241873798962388,-0.3798260787684355,-2.7834354094089013,-0.6723045531316991,11
-0.5684353656392139,-0.5337605697949465,-1.0756622016424102,0.02033624826275818,0.026841224550194234,0.5951691683749168,0.6555621496007998,0.031155917463743844,34
3.0812718715512695,3.648216275109557,1.6349516891583085,-1.7435255888559076,-1.4990117078408076,0.8535629795882745,0.6046471409139812,0.6512157814651849,12
0.45421200480910257,0.29132660982362446,3.6315064987178465,-0.4149545197843267,1.293478753654927,0.35405253163169054,-1.194420436749073,2.67809269885808,5
1.4812032420671855,0.9823939464503089,0.1742112364747248,-1.4104465980657597,0.5934723116932734,-1.0004242325224049,0.5668137718322548,-1.2968532588595463,15
-3.090660516705753,-2.984799345847464,0.8670575305278247,0.3086089596602015,1.3063693304002342,2.2158400998182426,-0.6514344699244634,-1.0574154845072157,29
-3.0482890262968283,-2.97187471118445,-0.6197445018583994,-0.03022596231347605,0.7593769601635969,0.35032233363577675,1.2365815978533419,-0.055265415017777736,11
-1.4708276688005752,-1.2502294404267746,-1.3480071091428916,0.8551104088672009,-2.583672793753655,-0.35875285167589177,-0.7530616767550449,-1.4543919598744852,41
0.8332521400153782,0.6683413584532957,-1.0977737454521839,0.34040324929170585,0.524169285326833,-0.733915818157708,-0.8194827576381917,-0.7483289462002222,26
1.8581243832898418,1.9429511054279862,3.186016968105635,0.8898553359100261,1.1764590634322374,0.11336621045239262,-0.6442876918252612,1.2670887397218824,12
3.0177093585744448,2.7359340335500093,0.5817805218065009,-0.19213481939931076,-0.32536425844726974,0.18425820460798467,0.23091209314998734,-0.057899824975294056,36
2.890700132556424,3.1679255982242154,3.454663309196958,1.2546414836406312,1.5831301914834945,-0.44178305746588886,-1.01953658615425,-0.026399165882524063,24
3.4489205412985173,3.1223267139971953,1.1818429153075243,-0.9144947984953576,-0.7733158976253621,1.053664484559518,2.2055136920061567,1.091180242514322,39
1.628642609211603,1.322563523619818,0.3543036178900575,0.26938545218887283,0.3485871262039426,0.536655741422805,-0.36697369253565,-1.6840779611031962,39
0.34730322159616644,0.921685807378392,2.079095575976259,0.42800044985400804,-0.08427400678770902,-1.0272056299649028,1.7128159982818383,0.12089934954896926,15
-1.4405862158906149,-1.8159317801286554,-1.0090108712321193,-0.5928974582908753,0.1666130528719158,0.44487435339744635,-0.28197080007186565,-0.04702452156307609,13
1.039049925113977,1.0402350274143732,0.5404066548761692,-0.3378497039860459,-0.38489153665285797,1.4459616459755806,-0.31286432683727733,0.26479625385078376,39
-1.6045672030212716,-1.325506695100767,-1.120321524104316,-0.4371832973806011,0.26964969380373516,-0.28468951172802903,-0.6971838952760401,-0.9791213957697347,35
-0.7615741848421531,-0.9188076370338965,-1.49865019094783,-0.8395850556059392,-1.5146001353745693,-0.5092106620460685,-0.7468101691127138,-0.4230535643187191,45
0.8282588318835807,1.273114343882443,1.3807753017970432,-0.800031365436958,0.9112348039120265,-1.1356045783451056,0.4266954367376768,-0.09956264499346965,20
-1.5814744408865147,-1.8680264350593152,-0.26095441138113606,-0.3811769682293598,0.7125928064364376,-0.0737779572679349,1.1709968675227214,0.7232429563572127,29
-1.2908505826814682,-0.7889105528371753,2.263223773064158,0.5487708731847073,0.8971047605665718,-1.6576817139227045,0.1028609760359844,-0.7132265715469907,29
-1.7103412624783252,-2.477920091961329,-1.8075405949010879,-0.38009039822638935,-0.9417696233270293,1.42218437013644,-0.8760866906972019,0.6046640604810488,45
1.316237724366211,0.6496380571690203,0.25148620700202984,-0.07869626152569421,0.549859828708671,1.779100667135758,0.20608133802595563,-2.086613605309093,31
0.2806725259952795,0.31273767948370634,-0.11906833763480429,-0.3222443266548619,0.11759453701220357,0.458993888273327,-0.7762060667895943,0.4178344313873432,44
1.0342794186749982,1.7370582384283013,0.9996208611507233,-0.2316059686912107,1.3240104590093904,0.8765842035422989,-2.626348592912207,0.7617080084269169,3
-1.677594007491008,-0.8849844994949273,0.7269185265480644,1.0647861432101156,0.09076347739727063,-0.3087701167939765,0.1204115623027019,-0.8916406051879688,48
-2.765703386426878,-3.1894801117944986,-0.4451163966013445,-0.3212196498719763,-0.331175575896926,-1.6348247552654465,-1.7120887394961983,-0.2865591865874595,33
-1.603378356145254,-1.6189364064864828,-1.2135573431113988,0.4109677846488101,0.870167686310633,0.03051207481152668,-0.6218228218504817,-0.0024461820118141533,11
3.0607126238209554,2.8178096798986005,0.7872065158053169,-0.46470056490911876,0.07830541712425368,0.2698589658091009,0.04980747038879074,0.2842366488650166,39
-0.4710320260970329,-1.5260574690400681,-0.09051994262733157,0.3737374220261913,1.8714907065241002,-0.8313832452734877,-0.39519122317357763,1.1772433698918452,34
-0.005768599270946528,0.3495524852332933,1.9824697047930722,0.41086027589037577,0.7423173250461137,0.11933855057362924,-0.2593123252515744,0.1868191887169198,9
-0.5690070420958783,-0.7547349451865876,-1.0124259649627174,-0.19900322227334327,-1.002408777366679,-0.5642919186467081,1.5130963004114892,-0.22083242314816814,0
-1.2192346344058145,-0.5464265075382246,-0.1483642897880726,0.7573749324442851,1.5158190906492441,-0.6274348956012156,0.9339948338881953,-0.19168591166922477,3
0.7876463756524035,0.9235505386643961,-1.2292654290043257,0.5183037116813468,0.5673116774172441,1.0630093698017293,1.4822935760157079,0.26673499190632166,11
0.5633880417626789,0.3009981997750819,1.6439125306578228,0.287443562207432,0.4883769285107287,0.9468363255874291,0.20645328502905455,0.7635395093107619,26
1.390080699385647,1.0489522992289804,1.036854304381757,-1.1424303275174492,0.08607333181080544,-1.7510771381996617,0.21979021427256257,0.2508533328666211,11
1.5590200132369356,1.4653562743555755,-2.1191051036541424,-1.9602888140090151,-0.7960040981811366,-1.5220725406594007,1.7275640328029187,-0.5358482027499388,25
-0.3098339328726109,-0.08739063431646707,2.4683240252210794,0.5516634684913103,1.0445074900219233,-0.2713290250252402,-0.6143054148520485,-0.3288929976987486,32
-2.178503639866518,-2.4205371939561817,-1.5647150035499162,-0.10248582877427692,-0.19892021945594499,-0.22725784776334518,0.3234851337368596,-0.7714100327927766,22
-2.620814562944515,-1.2424624196142413,-0.9407911296570555,0.1742168894290151,0.3921506272046628,-0.4303711437675507,0.12854276587822092,-0.8497637265225257,47
2.3022491063684125,2.4035251058625975,2.326265886662828,-0.7584494136267613,-0.48939822282005996,0.8464665768410792,0.2848077526462158,-0.47540294335923944,44
-1.692313530817494,-2.2522701796539955,-1.002319847909333,-0.38817220858797413,1.5018466843651617,-0.20802314057080726,0.5822606045587645,-0.5604587097281172,26
-1.9392529369455953,-1.900559793945943,-1.7635971715806789,1.4170018313413886,-1.1691334837403073,-0.6644999735038506,0.11515728664787148,0.7488098269023181,3
1.9161993734452554,2.478254508150559,0.07214730605390574,0.5181514822362226,0.5289873987477273,-0.12265174001302007,0.7904447260044845,-1.162161124952113,45
-0.7562691943591839,-0.546091291893309,0.617149443973708,2.0929599146905,0.107796832089795,0.32678230571169126,-0.8294889829772868,0.0698429183673459,31
1.9494852584135924,1.7855859570902848,1.6846791335874762,-0.5389580884286136,1.7045051625937673,0.8982837596341089,0.4828826493707824,-1.1432099462663723,24
1.3306722676833844,1.003515502195899,1.3920607686244604,0.4507961504122495,-1.6141805877366222,0.4004918017082258,-1.022083907832256,0.7730875458584267,42
-1.7051199835612765,-2.094554423790801,0.8032608321801638,-0.43526056018186404,0.43001430421395204,0.9538659018994993,1.0498277079155163,0.29570004875341355,43
0.02898900345471067,-0.5544944714688311,0.6869551131166377,-0.7195773156061581,0.2527024664016978,0.9181167385857588,0.9544251266933832,1.2302097259270677,40
-2.502919119037424,-2.7575550222295298,-0.21641283768264508,0.19771971827379148,-0.29697468238873115,-1.0314916484125027,-0.20798874909717233,0.532057725377417,1
-2.1427010969037976,-2.0146201516618683,-3.2719969816210996,-0.6389007257738918,-1.243094383582372,1.0263853347122083,-0.5027360273794019,-0.9962612382961934,36
-1.514240531773904,-1.793544317675122,-0.2421644040116388,0.1381102556358027,-1.1883441872405858,0.027809436212354276,-0.033070445753798264,0.03733772583820323,3
-0.3407210216873441,0.45834982465981433,-2.0317364681952563,-1.2637083440500256,-3.2684241649619628,1.2463808025021532,0.5326382859555864,-0.6106391872898572,10
0.006406589843886576,0.19090369979259458,0.04346240929581391,1.2092349502055852,-1.4486209974577906,-0.6885876783131618,-1.4838035073762452,-0.5068969748820282,45
0.10074256723355957,-0.11839686260292484,2.201888360442822,0.2390872682054244,-0.35289754064268364,-0.8268987604066403,-0.9886543095132542,-0.9932735771575538,10
-1.2017581114091669,-1.2189257461270524,-0.7628904982135571,-0.4838292141309663,-0.20989449675194125,-0.5234270821926644,0.9071736341669601,-0.29843033658603274,11
-3.209145033362576,-2.488981662614255,-0.6441118872942921,0.24255371839876758,-0.20126045731669376,-0.7324614805316819,-0.2195164188964146,0.09004563640419543,21
-0.057864696005687,-0.897003362283422,0.6371719636518736,0.055013224495515774,-1.635893732546568,1.479766387148193,-1.264103869023965,0.2067192058588609,17
-1.1443846245928782,-1.028871749497656,-1.743719453345137,-1.7139047323421628,-0.05332700074950612,0.37066738637736696,-2.1798735788241594,2.4111513817032066,39
1.0908698590146746,2.4073751586412744,3.3451079769082828,0.44526215940758784,0.2910279182834009,1.2960715677500974,-0.4446604542098409,-0.15684987198941414,21
3.3325844412345167,3.8242867551076123,2.3045412883181378,-1.0980356552917871,-0.040122739857363504,0.1759240270530381,-1.7241869351502863,0.08519954705147328,4
-0.8631090533425896,-1.309078691435824,-0.4552924096896344,-0.4680614285792642,-0.5659247328081207,1.3176338885339116,0.10865914068501836,-0.08725619229603722,40
-1.0818257581314432,-1.0214906868348412,-0.29598721655727844,-0.6851870224231623,-0.45109089853614875,-0.24838706140204794,-0.09562668153801944,-0.24522935373798266,2
-2.2197422161021,-2.3366183154559255,-1.9417402468899612,-0.1850966331446845,0.18967059066692482,-0.17965143000804687,1.7745556798858737,-0.2911638992014307,23
1.831361211664968,3.1993079710690564,1.2060013586009837,0.4007447563423153,0.16253039172894207,0.506990038192562,-1.2378093695922991,0.054970743547716985,44
-1.0308139581042937,-1.3624014100796393,0.9272779691187353,1.3966003720287106,-0.8180595099020374,1.6761825502971635,0.6004382003584473,-0.1898825565316451,48
1.2599712535894483,1.1247730325287475,0.5098681559734882,-0.4229599758447136,0.6909467540619021,0.18599390552516687,-1.187304476930912,0.711738793408239,18
0.7959062384836396,0.6322195388963642,-0.590057461948956,-0.27074313578551823,-1.9349444892987728,1.6351282966679992,-1.0271897884984742,0.41536495158120035,9
-1.5381513448384387,-2.240037259507429,-1.410506483641731,-0.7311164131513397,-0.7620465127932553,1.0854222828459659,-0.2246859367116665,-0.8509843533533529,30
0.09816708361616266,-1.525867339063494,1.635120668289692,0.09964848258094737,1.9224403199429765,1.7030258112221937,-0.8474287607919535,0.004061545980903153,5
1.2348111540747158,1.116839381398734,-0.33753757878558033,0.7311276466178637,0.27531604820871314,0.7843900166149962,1.7495240354100607,0.29956833252175247,46
2.393707985208006,2.6457976920372417,0.16438738444390988,-1.2898402842074697,0.19461469585973792,0.17047460175896598,-0.0776582918919361,-0.26288489711460766,41
-2.301846092406562,-2.5159632675225354,-2.9278452424905135,-0.4466456205126244,0.27635454791157904,-1.4327314690890856,-0.758101666888635,-0.220584696458826,4
-1.9840266442201524,-1.7419085940340415,-0.0018092915833232137,0.9220691587612084,1.3057146167808287,-1.2676018250169105,2.224126007949039,-0.08931700533314227,30
3.9202090120134856,4.289433175805374,2.8728520563645814,0.16728514419131824,1.562022660057192,0.4394421546129453,-0.8020492003612565,0.5919474176220297,19
-2.2008812524921733,-1.8586286714959785,-0.6848522123134035,-1.0044131181249474,-0.9612820538123665,0.8710711588955271,-0.39287471781676236,0.17284462943642376,47
-0.9594769450489381,-1.795918321241551,-0.5624158772457148,1.8467870213690916,-1.0586612669981275,0.058798597856330945,-0.23453376708278156,-0.5182756187133386,41
3.1220348810059955,3.863070475974221,-0.9374954470743253,-0.7508478941692822,-0.2618929560032536,0.3281730512824761,-0.7875878360108141,-0.04362238381505746,14
3.5086252250383567,3.9302664702359147,2.0957099520403637,-0.02037095362728184,-0.6609568047826214,2.1127694059853397,0.5551808284074855,1.1928182784724541,9
0.646922058447423,1.0409077441544283,3.01933279420453,-0.13677633909134854,-0.16008504851862992,1.1228956625360125,1.1270953376035417,-0.9174653037612595,10
-0.8907344626662161,-0.8869160026232444,-1.2711587642342173,0.032502208028564544,-0.18095803091632656,0.9628838250944733,-1.2883038437980028,0.6340444568841592,44
-0.7870382326198156,-0.789638892203749,-0.6425830454330987,-1.0071004483330734,0.7630515087663682,1.0430579323515077,-0.5084702086220063,-0.2348182672476216,34
-1.3541550590074256,-1.6220382967806921,-0.2988784975349034,0.6776382869700829,-0.157269379882606,0.012035847306936073,-0.4040209826477888,3.5758484967595674,35
-0.2876626816455712,-0.0820420276808215,-1.314133463979135,-1.6839423107101108,-0.10944187099942972,0.3067664820810628,-1.3984933836028062,0.6081935721906877,16
-0.12259193609545926,0.3306981824875182,1.4587145984918168,0.8800605492462408,0.16041325578367713,-0.366323424478809,-1.3205657935236434,0.05421140688268411,19
-0.2552344633906432,-0.5371216332303459,-0.6039817991312372,-0.8118014528548307,-0.0258901188139968,0.1527504567689585,-0.40203892659900775,-0.1013662910592486,15
-0.7958617433838988,-0.3942696102028467,2.230542078261692,1.2184964083827816,0.028054780011340815,-0.4768302472795737,-0.9181822890825273,-1.4579620469777026,40
0.8952155475861676,0.6648380231439299,-0.8901676097582325,-0.08709154129238603,-0.45941714514655,-0.21348715549831349,0.25993441726876915,-0.4892677530972349,3
-0.6817283630012405,-0.3908345348725519,-2.2954686620222855,-2.166693130617507,-1.5584709777057046,-1.1637732156044478,0.7511091138243069,1.9321269636671654,21
-1.652856059338466,-1.7253765191283146,-2.0598575130295296,0.4798405225249296,-0.0586845016355876,0.1640302234548076,0.13516471910354405,0.34909510532534277,41
1.8612527659868157,2.283271794359615,1.4390469581605838,1.1689899257842344,-1.0133341480935742,1.1493595989767933,0.23158667238620378,-0.27292004404021314,43
0.990101404173098,1.937975673474579,-0.2845841913517265,0.3987149444808399,-0.6883060024788875,1.4910599338504729,-0.9396833442523849,-0.004989080217246619,39
0.5423484818572458,0.6530332944515662,-1.963993450606972,-1.3930095777704457,-1.0967905261588633,-0.18806445880518774,-0.63125272826612,0.046707231853807,49
0.03536299366919671,-0.2075243913287343,-1.2070740908602176,0.4184526837185978,-0.17159998786905384,-2.0939946012647574,0.32937852053048705,-0.9081296615933081,7
-0.5200936719828065,-0.7309968716148509,0.45911002555358,-0.27750766435772317,-0.06576154142532349,2.5329690355750545,0.5061891008924982,0.10625564602283179,29
-0.699713076074259,-0.39367818398697885,1.34741242622159,1.3752853530788491,0.13891063453837962,-1.0610829312728036,-0.13494593751430714,0.49246002352639484,48
0.31235938770064803,0.06805234152175724,-0.9320218629305288,0.3551154792947218,-1.135528482894072,0.21739903883159115,0.47766001162732885,-1.4122610109381533,33
2.9328821091894453,3.414117805286094,0.1131991707558333,0.3791268102723143,-0.3791185354278355,0.26335512100930275,-0.2928872789037474,-0.22509392868070868,21
1.225477721210505,1.3714710927927616,-0.549607556461646,-0.30938251636676345,-0.5473489405132173,1.532303023508666,-1.1800936676783964,-2.616101876661044,10
-1.3363160699155285,-0.8911128392571762,-0.37378937423607067,0.5904829606445268,-0.28690145862324695,-0.741227346270543,0.24906830463247503,-1.6107099318851568,44
1.2861758281254405,1.0140744926644614,0.9074592566335409,0.19138739587039352,0.5759051011513113,0.8569898954825022,-0.4620172285595205,0.8033449666500381,8
-1.755948851662688,-2.2272139925057335,0.17768692198441033,1.4712243232634512,0.4715940818203315,-1.0890791965616835,-1.7001627222132611,1.1805297612430594,9
0.40336964970392214,0.03652120366770323,2.2708048557536586,2.0197923117205874,1.1615530401740175,0.8363131258872123,0.7612141583335174,1.784069865671472,20
1.7168597051166636,1.9123996966889882,2.1055279027610787,1.3352361013669762,-1.4541933736193675,-0.3528094831303113,0.31841983050361045,-1.2323507473900674,44
0.33542435783728297,-0.05141917290333625,0.712219412896193,-0.4896069956801286,1.1894545266325756,-1.1497413711530642,0.6516483282180012,-0.07670262067996592,14
-0.09862881726423667,0.2433019050532627,1.0480446362384495,-0.3029525035910486,1.5130260465054237,0.653958732655973,-0.5091893317007538,-0.3166276796538888,22
-0.6617953908174641,-1.6745743869918015,1.3660570956432347,-0.36502509171641967,1.8698958995860988,-1.296949881768142,1.3818727866240075,1.0240176698061807,23
-0.5602676407777212,-0.8881227328379871,0.14613761715109647,0.4612799910498868,-0.21032156163919988,0.5178438709310825,0.4105946803211774,0.31382779456406473,1
0.92899674882759,0.8481103978195859,0.04162960237139357,-0.2580978461106895,-0.8108784207935715,0.22396906780575976,0.8917755044645839,0.08352275403016247,8
-2.082867718205977,-2.9828640613692206,-1.7233277657743837,-1.285314766517813,0.5369925285480005,-0.3017148715240748,-0.6837476125213106,0.580830342666102,4
0.7077701618754657,0.4070640206743742,2.595269210192339,0.9228593076150194,-0.4283280557705522,-0.6499172120634555,-0.353897530847849,-0.4289244466756121,33
-1.6668909461751862,-2.403742001952845,0.8250365038338445,0.40645529895561655,1.2298039648332277,-2.02987589076041,1.1865770509481035,0.9355454941791934,19
-1.0109230835610485,-1.0452716245944007,-0.8853051087768015,0.12995431628713802,0.6295019471906916,-1.389036547023303,-0.07788744976273573,-0.31814043129817143,27
0.7998232793871827,0.6812273558965619,0.55646376343605,-0.8561799338854328,0.6458011615773666,-0.803352875984508,-0.029138954423272873,1.0579869141030929,16
-0.32065677327429054,0.045413901124778056,1.7878953536224402,-0.6174916411189678,1.7044724105050304,-0.9180788297309822,1.386547825642353,0.1827995658639118,9
-0.4958716247321857,-0.9095360344962641,0.19255191260158977,-0.8399195723252278,-2.2697879995332455,-1.0684483169488026,1.0643072418592747,0.22745540944285972,32
-0.8162226274195075,-1.617833142396004,-0.44952798114591885,-1.2024789425730797,1.701231074505001,1.2100260378883374,0.1701060097195027,-1.0791270733414224,4
-0.31216059323170975,-0.5794618679453314,1.3763024200018616,-1.2361197512968143,1.9482632245927345,0.7697009312994781,1.7892523473423216,-1.4644900161883305,49
3.6589474509181352,3.7237768644145346,2.365860336467639,-0.16758910905919983,0.8071168664759922,0.3856073110146699,-1.485099016734921,-1.4910776737976623,29
-0.019413191935806373,0.027904312842890744,-1.2075436258178929,-0.744177541527927,-1.7242087167441766,-0.8869093277753244,-0.11298404410688574,0.47416597446205866,10
0.9547815237498519,1.0386823419689224,1.268467611177421,0.004197804635156147,-0.3421050350082061,-0.719929490146544,-0.581452352865728,-2.043253842823525,49
-1.0587062979652184,-0.4566635096170032,0.3366285968846632,0.9699978544038947,-1.0404463851493635,0.887408977520647,1.3709137442111183,1.3086563663563497,4
-0.021040632115503,-0.19500672840248687,-0.5314927796096476,-0.4665222956509638,0.1163034815909349,-1.0960977454772185,1.4717875330456915,-0.30374763060060517,48
-2.7138199374118708,-2.8168913739531747,-0.5435053081316306,0.0001543829919379461,-0.7631326786399814,-1.7124156749347348,-0.5098497216299921,-1.2755753348140755,42
0.27176958388337896,-0.1431146110078993,-0.47241050152735387,-0.01111278536005751,-0.04267703288937842,0.8251618768683942,0.0930910831975965,0.33585577554496043,49
-2.547826236811185,-2.8383078150850825,0.03984607967790299,0.2877971935495082,-0.9919042455620731,-0.59703924797936,0.8572067153666123,-1.1768354410839699,10
1.1946343496659397,1.7104234067046968,-0.1751740932781316,-2.4416118222532117,-1.096883977869605,1.286391556200128,0.4565813658354788,0.04285023700235692,21
-3.506462006260236,-3.326778420343493,1.739430899499963,1.5008030964820467,0.7589834725439776,0.30522284397947097,0.21085640039340756,-0.24908544715427527,19
-0.56538901444717,-1.8516621765842602,0.09980507963976176,0.5861500295885619,0.48660564508565923,-1.7032606814970008,0.9148575037955353,1.147157291241168,45
0.3320538103237418,0.9282029532992385,-0.09689432220350676,-0.8540194735097345,1.1753097956421534,1.170515251252019,1.8274533197408653,0.8621692879120796,23
1.5714329245572314,0.5927124870611871,-1.1517320860603144,0.24333493050360683,-0.2996493354672546,-0.3734322605316817,0.07398639296397908,0.8987688140816996,5
-2.516320289941466,-2.7166335119061253,-2.610608974807,-0.5300732559945889,-0.9078767944729279,-1.8948897600333867,-1.1030498491782366,-0.43461733868069163,28
-2.0092033654218646,-1.5283194449423818,1.9781098852844823,0.15294164116197875,-0.44040605010028505,-0.20559970368117142,-0.14514849212909015,1.1940780844380237,0
2.671606927371416,2.738175876087914,2.6000336466344267,1.6979246747859775,0.5899799063582978,-0.687428043740814,-0.0767154703982632,-0.062332252985178783,34
0.9322511387186301,1.2096228374487312,-0.9607082447762032,0.5786680805354303,-1.4797927298595734,1.0439384563703704,-0.40320787522612145,0.11621078467689937,5
1.5249452521698894,1.955294583210576,1.1878146821202413,0.26559709834291595,-0.1859251248897547,0.5696422298921145,0.6318832522329204,0.42606801263023447,10
-4.457801260708972,-4.30821744363303,-1.1570983868145264,1.443435571376198,-0.45302897822916033,-0.970645060391633,0.6640972252197744,0.26499576270146175,0
-1.3156866982927886,-1.9322367347147917,-0.930895009905089,2.0945738297996646,0.02064177839341728,1.481937969344859,0.8306833758692327,-1.266967874692327,4
1.928975297811827,2.1134368852664616,0.1212200282056517,-0.6628202587689256,0.3791455898018079,-0.6288078282826277,0.4199099022923097,0.6190795117242699,5
-0.1982379103144935,-0.5390167186520164,0.9519884111680355,0.6313784249135305,-0.26845259078438427,-0.6577396260477757,0.21293240240632025,-1.5056420997416147,36
0.9418455565495386,-0.24620101016201634,0.2677988948753307,1.5392659261528487,0.3405612187086366,-2.003404844718125,-1.018626831013867,0.45110480653123636,24
1.6585015768143738,1.5174957645203957,1.2494975655778675,-0.22847754259785524,-0.9035013217976859,-1.2016964987150822,-0.36539032303135294,-0.06207395522986336,39
-0.4350670713612438,-0.16185746584126876,-1.8845106169791934,-0.5735639214278936,-0.4688657430208526,0.03676547681067045,-0.8618683217401913,0.07599998164654316,41
1.4522220893332896,1.514267764350907,0.4390168527768884,-0.7819035823317549,-1.8404558198568444,-0.5271350411430814,0.27066420112230444,-1.0357050502310514,35
-1.6641956898231296,-1.656958918304713,-1.4551673864557755,0.8746999577182675,-1.3496992222119812,0.6161660538948203,-0.15014528820011402,0.9527294186806233,36
4.6452404004433685,5.5047249831678595,1.9525414751701433,0.4577542648382061,-0.44121127267185906,0.30950775632366545,-0.07476179822667614,-0.13780880605934187,42
-0.7688165883646535,-0.631152848168633,-2.7049424757031706,-0.7400302661319841,-0.3940744106359917,-1.0103430290799085,0.4663211235826226,0.8104603115120289,26
1.7710731889449862,2.2247745216828125,0.08257063158897704,0.4637419544882038,1.3617065060530555,-0.6712738739719504,-0.31749320986938667,-0.6916008716275296,7
2.517264811618572,2.682456127980239,1.2644558638139798,1.1896792777225538,-2.1161283964703426,-0.8768430131608443,0.9836071473292012,-0.6776525138940562,3
0.6122926600521891,1.4264989379122341,0.5254101061916555,-1.0028707698560422,1.710910262447638,-0.5852820588295067,0.9640413245179213,0.06938205963363514,1
0.7338833453213197,0.5561193792611321,0.005404562117628409,0.7757269898364447,-2.0337975774489334,0.11492791005097744,-0.9377686624048717,0.9811638737985111,32
-1.8502183391003,-1.2650290604672376,-0.4801549739966264,0.5637597151953899,-0.03557696350170581,-2.7062379043259597,1.214875812729796,-1.2505983151278888,28
1.1651422489835386,2.0663906364073115,1.800482614665106,0.17694042335529672,0.8076184541347103,1.3149245527142195,-0.3586320829835561,-0.5468676763245688,31
-1.6818606039206294,-1.8613863440397678,-0.7103368792502354,0.3974716896695991,-1.6793115142082249,-0.2071399183856874,-0.7283209011345682,-0.47488728332738644,10
-1.8322493112982774,-1.3117896078968303,-0.9441904812615345,0.900165886566601,-0.8138058406859471,0.5632978348086294,-0.33694994481412016,-0.2534895522282445,40
-1.6289912651791618,-2.2918616560465157,-0.011507559107911791,-0.4758836439708631,0.09266662754358009,0.7554933892041474,-1.2477470914884001,-0.43092310972297626,44
-0.5366311221998751,-0.3756836367327353,0.6471018875988306,-0.7053011469774526,2.8538487723621007,0.15186093726621364,0.2876499433708647,1.0266880371600569,27
-0.47830266884132544,-0.11035089206844478,0.5276227828660943,0.34231095282694685,-0.7384019495767994,0.06239639613737023,1.1133545708998056,0.6774503692142037,8
-2.2760688263225393,-2.6799905412438174,-0.10694929386635121,-0.26696647734336965,-1.45481867873376,-1.5271287504097744,-1.4823087544559046,0.025804692659598664,16
-2.795872401029382,-3.6739807766895574,-1.4975251723331473,0.28649550660101086,-0.08735764625395817,-2.6248519111032866,0.36978705445449,0.8058998770865001,16
1.8038043331109195,1.8340092227881346,-1.1961005567881868,-2.1408005451846415,-0.3079204100146393,-0.06852744479309539,0.519134449033973,0.9832497538663182,14
-0.18041468483542755,-0.3358460071368963,-2.7754244838276745,0.6070692893116433,-1.2374500194667655,0.591367581463393,0.5916800672056447,-0.5824840542145376,7
1.669780361653526,1.767792224825653,0.31122176183927575,-0.30730733722958253,-0.5068791481306842,-0.14153823911714417,0.577312339605448,-0.687369865605009,24
-0.4170973193235041,-0.26588054749126383,1.75161336205081,0.9850272466342126,0.5572786005619295,0.8889699758275875,0.3784453715781535,0.6627424322099076,14
-0.22608825622092643,0.191518018220958,-2.4959073732586106,-0.6874879179900336,-0.28388916866938824,-1.1623686743143928,-0.4803388992074534,2.0233074985294843,13
-1.0035138024101544,-0.2258351049977071,-0.714358703911758,-0.55336898325409,-0.39642001070078137,-0.46560909417703156,0.8134268198571986,-2.2499834549145876,39
0.9654466158530111,1.1860889324635913,-0.9517253878199687,0.7130165803281086,0.42515576728599896,0.7591629757032256,0.2810762066043718,-0.5872563219397119,48
0.04143280159983992,-0.7046086948301296,1.7284939513331428,0.12821549362818968,1.0725604783332527,0.11370553822566865,0.7229200866320572,0.7483056264694694,32
3.4621639112170683,3.80204589091853,2.546039661169013,0.965552524054548,0.5029635691645361,0.7351879797300193,0.26046378336595655,-0.7616185074043126,4
2.2294658955964604,2.429954016677872,0.5067160427194068,-0.06696980500851155,-1.2386758811063856,-1.4447703256257665,-0.28450219351295164,0.830468995558768,42
3.5225759288750957,3.6033091640052133,2.870599431562263,1.9573816248341789,0.3878399043961943,0.4434568981542767,-0.07985738953926713,0.21871618270508367,33
-1.8742003895149097,-1.0844409700940594,-1.339329045573393,-0.1668994586207776,-0.45853656475193233,2.87177384738712,0.5432353153577956,-1.1877496925814466,40
-2.905885224432422,-2.7661049690771833,-3.2834869019051127,-1.1199068116306001,-0.06273553067599061,-0.05134028569504925,0.9536993824232112,-0.4366218215229529,19
-0.7206949050691798,-0.8870244218249977,-3.1606997673037993,-1.13098864760483,-1.2717348925611343,-0.7031649342822481,-1.8557927053422834,0.35899320468965806,45
-2.08104808771351,-1.8419810803552445,-1.8469183544210317,-0.3437931998778809,-0.48561938697834545,0.8132338533132144,-1.2538606432680823,-0.847619523648041,20
2.449959926090507,1.6723368149940558,1.7044527643531755,-1.178679153344864,0.4047169801821661,1.46861010627625,-1.5905854514605708,0.5638486974651792,32
0.8264456458659517,1.3087027744336037,0.5481271992064841,0.8929600465144226,-1.1392117580767611,-2.953347922648419,-0.5425527319542811,0.3005502367799696,26
0.5827929149410136,0.62387977178791,1.8744541256506464,0.8453297358344422,0.49673009847582517,-0.5856582509662089,-0.674557034365587,-0.2854089891739181,18
-0.13298171162489322,0.7108674845569672,0.230775818218119,1.2806681526400703,-0.4045388340828268,0.1079500610824064,0.1513284367449351,0.37632922410446,15
1.2617295644773494,1.6109823811237751,0.20897005102458016,-1.0381447327050417,0.3190888031551029,-0.4302650428949685,-0.32736672332853184,-0.338465869557662,30
-1.6711106289226312,-1.4741762129494589,-1.0826462258059752,-0.5034996119967895,1.0798566102947715,0.21443442607091256,1.2291540600662243,0.2129084537479733,36
-0.40825287694558055,-0.30362387261585155,-0.15953078501078946,-1.4955053873445063,0.6915219243760453,0.8365860748990757,-0.6247333032635775,-0.9445505939671717,28
-2.6573325307815576,-3.2269444766794106,-1.6636710412484552,-0.8321829329510081,-0.392977151472993,0.05381450762122608,-0.7147038739850283,1.3499876982599546,30
1.547069374843308,1.5206185843564848,1.4826601998064843,-0.24937944860392627,0.12388986724195998,0.6499249505770088,-0.8216555279515857,-0.2477849649779097,1
-1.71713379757071,-1.55686835852196,0.6977888031765614,-0.4917743471559619,2.0807880621148707,-0.7118751325502052,-0.3246644911955241,1.1094214819766606,24
0.007061308229897034,0.5058428221232398,1.172617476668669,-0.5389227988909338,1.9688474031948158,2.384579840118989,0.11456558325185391,2.0445959145567274,22
0.7936190402077681,1.0202854844556415,1.4212297310716209,0.037603225534631274,-0.18724225124779173,-1.0729118820084027,-0.5005499296633347,1.5078537129428506,21
1.97466515060056,2.3312312993547875,1.372264523568633,1.1428063668255746,0.17315534045004533,-0.8461899797886808,-0.9201501693555552,-0.01204028971781995,17
1.7027878428973864,2.0556094577503843,0.4238621050642646,0.4059240487354276,1.3704892767090258,0.6857505873644508,-1.3390593498837848,0.15402452264270822,28
-1.726925055034164,-1.971773639095923,2.471574335682263,2.208165456742672,1.1596167306651861,0.44057838109196495,0.1329830503000708,-0.03644864928434347,47
-2.970137844205303,-2.8052181938436793,-0.793087717914542,-0.03277679210168246,0.5501240827707636,1.2173405502101378,-0.5638604554548486,0.3011407489272755,36
0.016763631203073892,-0.07408284632337174,0.5734454763173764,0.8587249074775319,1.0548297496560788,0.22288105836246752,-0.9781928875289979,-0.7821408798756329,39
-1.28959424360593,-1.8905578999875763,1.7536482953346106,0.7664403509133633,1.215232155941751,-0.1654275617870525,-0.29989005126382234,-1.7205112881564204,8
-0.4539751169709838,-1.1819377669564646,-0.6805335226714749,-1.2961264183366932,1.7262106748799262,0.5833312409538078,0.27266803312439003,0.3110629077242323,16
-0.9404624050559546,-0.5168606394836605,-1.0786589987459845,-0.4396235245802643,0.2340993708309927,-0.24703907654213636,1.904839387068192,0.04993910074667091,6
-0.17360092540693617,0.5492663540128213,-0.06471989166711367,-1.7050481828429656,-0.18358848883415652,-1.4239550198544395,1.5028902597769669,1.4676108494899855,49
1.1630930341447712,1.8800295329013363,1.7524161447052613,0.20277574810385463,-0.1092649801159642,1.1335935180599934,-0.8899890667267286,1.7298622633760146,7
-1.0356713429157995,-1.4369097471290726,0.820995417584025,-0.12003994696806136,0.37403778134526905,-0.2987350267795858,-0.47183074674221365,-1.2987919200786249,37
-0.2629738746215689,0.4930161871961745,-1.2980192114203302,-0.37981829938986533,-1.3973978313065398,0.990444421388537,-1.904255419401014,-0.8804657891343137,19
-0.6680459870895323,0.11700045128873493,-0.0888561847774148,0.17072211714793697,-0.5828241525909864,0.20837978975090582,-1.9112979172016304,0.7435858986561001,33
-2.204099672508878,-2.560730738449873,-3.1296847788064572,-0.41460266036768173,-0.7241382633290541,0.24937187215902348,-1.8029012794535328,1.1289222241313244,25
0.6784096322834441,0.93599018392039,1.9926746468208152,1.2150650126584588,-0.2694880311335012,-1.4246815052181145,0.8201790873356526,0.1258244883941179,20
-4.801858690501393,-3.9427316221833792,-2.7698894737526665,-0.6146641956261479,1.797364827131728,-0.8111442107764275,-0.19164866346147494,0.06216535325956675,21
-1.0459400448802514,-0.9822658493023355,0.42263823730751865,1.1879578647003661,-0.23897354872551652,0.740187321306121,-1.4445671819192751,-1.7548925668510673,42
-3.4324397082891696,-2.8308901476178336,-0.16642862321831275,-0.1061718487741552,-1.577343809892441,-0.41184330283530624,-0.6875826917888828,2.1882971408964913,38
-0.5512218985165404,-0.8378292114530856,1.378537544079396,2.1120969318582725,-0.1317077571245432,0.5648179912839896,-0.5271261727982351,-0.6610972767139126,16
0.9504428730024952,0.802551948097442,-1.2257586951964021,-0.33621697947296764,-0.1317744533522923,0.32238530472809385,-0.6786671497253552,0.5437830559940694,32
-0.6956409214700695,-0.24423913883537562,2.085177695297746,0.47419772779290575,2.2197518598619026,-0.015037754225232791,1.3456034308978169,0.33277576631052375,12
-0.6058179539284215,-0.6678623457435842,-0.9156962390783204,-0.17945904964451928,-0.6613991164494022,-1.3121386562555613,-1.8858686009120944,-0.8496080636663664,32
-1.5042138236927993,-1.4222002810425616,-1.7931087603592966,-1.6086211025459551,0.6642752862644932,-1.8602536447364035,-0.4821799907588817,0.8222891342392193,21
-0.353600637886333,-0.28828782508403666,0.7131456213671126,1.4074160301237792,0.8602838201320625,-0.2934630693860969,0.18327525040281265,1.3994488705135064,26
3.328520856949835,2.8442072432521863,1.7712874384359605,-1.1523305514361788,0.030187448470020126,0.024043299027390667,0.40657592969845346,-0.0398872337531573,14
1.9503859255534892,2.7045292385271424,2.183875107644946,1.1292454368420788,-0.7394271714618224,-0.37524910714736986,-2.12150674204795,0.14411062831296464,48
0.9931845950927332,0.9456274889359887,0.1586472816620053,-0.05016169219709373,-0.27452673993788174,-0.6214457617059793,0.1259938508300434,0.6350734999220249,15
-0.897057621967744,-1.0391313881963138,-1.5151247989669456,-1.7117052477326407,-1.6366215542816147,-0.672605487624955,-1.249535217265621,0.9432508214034204,1
0.11388305511445229,-0.08640050283623252,-0.04615194716274029,-0.2215254678309282,1.0017974883747753,2.312329016007395,-0.6008880937397514,0.8317549115499676,15
-0.7575399055316214,-0.706434442973777,2.172659994740948,1.7172097301451645,0.39840692620719786,1.8815259583153163,-1.5635057024746755,-0.8425142346863776,23
1.487942622445472,1.0487480214112712,-0.39941170505720835,-0.11270889891374099,-0.5233649274712124,2.316573788286083,0.6828877113038293,-0.8855609687542269,27
0.05421052560125572,0.5000068121782744,-1.2320856855363065,-1.0633754196045833,-0.41079012938547943,-0.2593910747540176,2.9126850904007657,-0.5213068432346543,17
1.7259022822588097,1.57750727284079,0.19029798658787922,1.4629601485424897,-0.5906701963549971,0.7848223138609449,0.9134505717154168,-2.5682328945645194,42
-1.586987049227492,-1.1780662867505534,-1.7312656535912931,-0.4031496820685309,-1.2192584743587789,0.2396148480310698,-0.33380437586720596,-1.256887850656132,49
-2.328950125610034,-2.741387172740602,-0.3705831803818649,0.17208063655812766,-1.151653541063959,-0.8611728698495655,-1.719980164103026,-0.18000729043990915,27
2.4561710123965423,1.9737322680199054,0.42032779322803093,-0.7886444203468104,0.9675544446021255,0.46586346219350133,0.7800727348587773,-0.6310591507665939,15
1.01340439697208,0.5788669990394397,0.05490944050871405,0.2426971228065564,0.49488348814024985,-0.47143105764982196,1.0913825601122031,-0.7981878317725921,25
-2.250482069663743,-2.1188344019908847,-0.16476978651879715,0.4821915238614713,-0.5998185922247342,-1.3267542191651012,-1.0964732950085518,0.849390231337297,20
-0.13641588317722908,-0.7684188840538249,-2.1383102823929496,-0.6976559982066375,0.21586901161825595,0.09534787677214425,0.8484651119131071,0.32618005039641845,37
0.3230260901129345,0.7556195068104932,-1.1299428514358523,1.0626907046417937,-1.6825131950391685,-0.2139628170115005,-1.755698228681479,0.7905861050457234,37
-1.4155845729819798,-1.5599563998431631,-1.0950588653033853,0.40036817665589963,-0.9562817389839758,0.2551303785914211,-1.2637543130301114,-0.15562264259559952,9
-1.3519744109958731,-0.8923408424575472,0.7148722409606942,-0.40289419612547367,-1.1232918667237526,1.1271744190213169,0.09050480133036728,-0.39254645171665137,21
-2.2596037494100347,-2.4298267907949582,-3.128150663928677,-1.3821822074988126,1.0065490316517176,-0.4071492228697007,-1.3744584990123163,-0.8210568209442953,48
-2.385692285108784,-1.9683862587849859,-2.292213621208966,-0.9331670092885684,-0.8775417831810508,-0.7303922754641239,0.6730864744905879,0.23966270839079512,7
-0.2571979757628437,-0.7452982103204333,-0.38729943755180984,-0.8402738785007036,0.2760145090330939,-1.8604971807936725,1.3140666190018953,-1.7215630348922586,36
1.3022073489853714,0.7782992849148926,0.9614791146386392,1.2466773969330525,0.8420026680230339,1.3945309359850482,0.015017094915752482,-0.8277606483285591,11
-1.3824461260261909,-1.073391340183768,-3.9294301597916688,-0.974913581470708,-2.30947081477807,-0.6160801292481716,0.4255652110518439,0.5653903736051897,18
0.8035786261988358,0.5491511421702251,0.49644236597546076,-0.1598951665586768,0.3109964598075478,-0.51017077681303,1.4825468100537973,0.8166062260284427,25
-0.26182058216084036,0.27646914100608844,-1.9276695794222327,-0.07576252642462432,0.15775796288083616,-1.5397889994674283,0.4527826712110005,-0.056566788271304326,0
-2.557187764689234,-2.882341017593099,1.0151967294912598,1.813752676056911,-1.1133688216453652,0.27184045634037524,1.2071536273442742,-1.0954092544340102,18
-3.5512289765068354,-3.283385657409129,-0.9641384604272504,1.0872443531409304,-0.7729996284756339,0.012761518828437075,1.329415154658508,0.5490270371854644,8
0.2574168872242386,-0.1298183948396074,0.422356945170079,1.641670603461323,-0.2715134444727387,1.0550159489556008,-1.033330781304788,-0.6983687696867287,28
1.168562049998285,0.3270097788049675,1.4272239991166595,0.3014459875576165,0.23905617057817782,0.7283061304885802,2.0528778706875466,-0.1144554828812822,18
0.9218648628847292,1.643149551187155,3.655437247402996,-0.22021652681583864,-0.19828290929949402,0.9726975245910453,1.0973138681527812,-0.9202248135351943,12
1.0950457437253684,1.008010406186667,-1.628739326491166,0.27299571765661573,0.5093534595546398,-1.18319244966734,0.11924916644219298,1.7421574404612497,34
-1.8875735471344375,-1.3939027253994523,0.3397750228906347,0.02913288618801121,1.2247706729177277,0.9119836471155149,0.7609064357088801,1.4288066396034138,48
1.7020098402775792,1.8047265262791299,4.292990823355002,0.3570758956436481,-0.5036618834943353,-0.5983504145674917,0.2806116190382116,-0.8029240439790677,49
2.0159985623191456,1.186327626219585,2.3237335612737082,0.452041752183932,1.4321775066787614,0.05760585353631816,0.19915161554195326,-1.110347449987484,16
2.0637801862450313,2.273373848849045,2.450946909781774,1.3182968126517653,-0.28457405213728043,1.2151298553109258,-0.9694811171766019,-0.046226192053842846,10
0.6356381449062933,1.1831859077287534,-0.6669963507423087,-0.9836822975167313,0.201894672471065,-1.0513981112337876,-0.4011761962589726,0.6017658892864162,18
-0.2307302686408168,0.42046728936214095,0.35282150115888467,0.6746707792226361,0.5876926351562981,-0.9333970616228858,-0.33410992259031946,1.1996342371715167,49
3.6691243800025655,4.491104310087216,0.9556213291044233,-0.7287085187689007,-0.42711704291046804,-1.4719743015613964,1.0193164422831535,-0.05212573535651245,30
-0.792968461122235,-0.5856306534229517,-2.512819868014466,-0.9099775248111995,-0.8483917864751942,0.7966521296390879,0.44116048251036133,-1.1805569770835822,39
3.0328906260348663,2.9962689283983095,2.757707809816935,1.3975052608525764,-0.42838114191728127,-0.2722165428059722,0.37413881283228595,0.28481410236333227,42
-0.99598108716315,-0.9475114608808641,-1.7332526310438237,0.2288061873602281,-0.505862600070963,-0.26262025487575247,-0.1215006853675768,0.2563309729240608,21
3.355060490824896,2.795178606175048,2.611403631379712,0.8517193668082871,0.2451463899061686,-0.069662433356098,1.1893435811511623,-1.515812377401713,43
-0.3775751930906784,-0.0013515758043672887,-2.649135320508833,-0.5566275377879285,1.484794393902256,-0.5978396032407781,-2.3424676643960227,-0.2463430736835283,49
1.3134046958846488,1.6838733350725144,-0.5256633994529119,0.13631822391621073,-1.016303975809654,-0.5786676979521683,-0.87751273729195,-0.28161458037329534,27
-1.646155385825761,-1.4608103752150159,0.7731118385150416,0.10951796023632969,-0.37905843958462393,0.5479654807030492,0.894031890717146,-0.9327685146910875,20
0.6684245876984709,0.30047418044796115,-0.18320444683458914,0.0830498711499297,-1.3662213020211436,-2.29026767024197,-0.40411390999246677,0.21516621412193848,42
1.5562567585085314,1.8868481899373997,1.2557837693855924,1.0091367635301427,-0.5680937751099853,1.4925971168017749,0.6015049199911976,1.0081706612529946,5
-1.5699912730211782,-1.8285552453693512,-1.4343297331580966,0.02896872579823545,-0.7486553052651894,0.5719113480412533,1.4991138322274713,0.9677613993419154,32
-1.2425569896857804,-0.6148779806894656,-0.9517471175407655,-0.2562928804324825,0.026960447189504445,-0.9137080700909577,0.7527582531419768,-0.8491180134543839,6
0.10836956856529734,-0.17831913222427115,4.310339218242495,0.6517035937314397,1.1081659351027775,-0.5105092183650739,-1.4109451566674005,-0.5582375302166093,17
-1.8295066801063073,-2.0769617070433632,0.664996984649173,1.7954881736758312,-0.5541428853414095,0.2629683498000676,-0.22516454515441411,0.6624992436322618,49
2.3451641621593575,2.1998086676613293,-0.14851523772165198,-1.6197169247759946,-1.906965989399175,2.1128989164897902,-1.104800450097872,-0.31524032627877374,24
-2.2193596673348552,-2.7155871681458823,-0.5271721741182871,1.4364050235019246,1.1602702190257983,-1.6818532079091795,0.44109118924310553,-0.3320025826151744,41
4.270025238254408,3.8402958767027244,2.4421694389666904,0.2394145978039565,0.4327427787297543,0.09279867190268239,0.977752176129914,2.1058721137819045,16
-2.4858168880284093,-2.6135360988381056,-0.2457132294395049,0.3105692494490069,-0.9042474119180061,-0.14678399546395057,-0.2365744162127572,-2.4460329961257696,17
0.42461927741013583,-0.7773439466831467,-0.69438498787886,-1.1251360321655093,-0.33587995666877596,0.3840449080310212,0.47866452756710737,-0.622411224402317,39
1.7757425113215757,2.77351739199007,0.023341099496248074,-0.768428136619627,-0.2640146774962136,-0.4179187148738472,-0.19903152093806165,-0.7984012111759425,0
-0.7988036478021335,-0.6036549168625895,0.4786414742607019,0.02731451303402199,0.931506593256508,0.24810297154603975,1.820185099139806,-0.04831040157438583,29
-2.3936832606426535,-2.238930042190688,-2.1457630259425367,0.406544835837016,-1.426448165133503,-0.35060413470122725,0.11826978596678944,1.632375101303351,3
-0.7790849617488931,-1.2036400974233459,0.06485006001977514,0.8284658046909917,-0.848334971954827,-0.42150971922068137,0.21227352152690823,-0.13633471400260808,26
-0.1130866513166282,-0.008179232408693962,-0.5297836536553856,-0.9567198358883604,1.3433350789292284,-0.4408477588611419,0.531107450524602,-0.2702260901726881,3
1.195464005560962,1.20127535143138,0.1655307153679896,-0.7175877972175253,0.6272912762310362,1.1084614455729087,0.9983525913614579,0.15254365469054335,16
2.3175021667961713,2.375222414061589,1.1333491016266422,0.5038710619636072,0.9906130956377982,0.22093841410505982,0.6550837439106584,-0.2895015360191079,0
2.393356378300174,1.6722364237601939,2.0164270534887603,-0.11888670167463755,-0.43024766755002497,-0.498125385692766,-0.03197580248773285,0.36325624467434675,36
2.414775167410502,2.3661423558458186,1.2628125046585688,-0.58689123166821,0.37646566558348915,-0.10391390530493444,0.04793458504477317,2.428593159544258,36
-0.8830001900112319,-1.8068727586924807,-0.8704657281700585,0.09585217094541824,0.6133682953005393,-0.04562890907895156,0.47988405692117914,-0.6562161108047586,13
0.6814699443051033,0.5923316916096556,-0.259868522835476,-1.3593311149192662,-0.7820151402035753,-1.1094559209080392,0.5575092754706107,-0.1948563917696497,11
-3.5134021368509916,-3.9432861925730394,-3.286095297088322,-1.8962353982813214,0.1123261911214225,-1.1895433581980206,-0.3599838878087156,-0.0685785245538402,15
0.8003836075869699,0.5083565956595766,-2.9268013443517615,-1.2735327046522686,-1.0682661635829191,0.8793744237588389,-0.5521253363814395,-2.007140786439678,26
-1.084466919839076,-1.2368876571547802,-0.9796287701376862,-0.3033044711295074,1.0050432034494114,-0.08284411515928565,-0.22674977699298038,0.5782472531947156,0
-0.5912816758490376,-0.16817300833181587,-0.13438637897051575,-0.42864585349564227,0.5711160607376323,0.6024369042193572,0.43768557859546214,-0.05875406122052865,31
1.1147437674339895,1.725772778884095,0.9760622801235379,0.12124533120074402,-1.029400331075241,-0.45045745396584147,-0.42688531967654003,-1.8726203618425918,5
-1.0176991181175636,-0.9953196020691776,0.08922829076825067,-1.1743461638306576,-0.2520801839885864,0.09883462779825528,-1.028855900508202,-0.2567785017739176,8
1.712377986175203,1.1873839316276944,2.24330193822236,1.4867266040774105,1.4164789929251462,0.6813654140861279,-0.31934496401353796,0.15792618343922254,16
-2.812262880745165,-2.0704275536788748,-2.0287912365802585,0.9582362039647879,0.23466747738063481,2.7735871824349,-0.46802852792358657,-0.8532177579488233,37
-2.6909563014180193,-3.377941872376998,0.6655957682780181,1.5304298339093267,2.647764756567321,0.38506815456794247,0.5749308704274337,1.0392687680819332,16
1.114896016612256,0.8490462087991294,2.1252860555151325,0.41633495546287363,1.0552677409676972,0.19201611538425392,-0.4897424625952919,-0.567403145821107,35
0.8081557070613679,0.7087327273867638,-1.8503563908872658,0.31390870282592087,-0.9834128717982237,0.9423493712656315,-0.38879234219736425,-1.4250511278237947,21
0.4247711546057997,0.06632636209615306,-0.21609947475811242,0.1381672766581283,0.8114455542722421,-0.2179555885607242,1.7795824787680068,0.7665741821066984,0
-1.582241947916363,-0.9167914696969574,-0.6186169675445614,-1.7727090337726243,0.5032101783344627,1.1664841598690614,0.4242784216374304,-0.13008776325836868,32
-0.29643514992871745,-0.09111147671993056,-2.106466751061137,-1.2773066180705341,-0.968439963312126,-0.2993286663692053,-0.8785821885426749,0.1332546314474272,42
-1.7852517516872217,-1.2465646465485265,-2.2874590202857266,-0.24552905678182418,-1.69803022452475,1.7566019840973102,1.141705772454114,-1.5390091146437654,13
0.5511316452913695,0.41017747729741927,2.0651033057836745,1.0116422767764564,-0.6150347054956726,-1.8103874508128812,-0.3467536841833623,-1.31958993681218,38
0.28531041971677873,0.7210308754609778,1.0962176003412234,0.3631221069868175,1.9841155783131441,0.8286916118065725,-0.7700017439208128,-0.9658169602134261,8
-1.4622937265836424,-1.53208992042095,-1.0077033323503808,1.1547142365464802,-0.9407706762008188,0.2328749900556724,0.6158475483523498,-0.1475643853752102,19
2.172009897142944,2.1047587436969364,0.7471851970144974,-1.4993777830056445,1.9786517023789052,0.5696660591856897,-1.3394781833984455,-0.13035133193147222,31
0.15772947633420198,0.310902006559718,-2.8172504254269217,-2.104991272826669,-1.8476487532498511,0.47952057790691216,-0.061097880512428045,1.3169693745792632,32
0.2734667795631837,0.4720528911499344,0.1590898514790498,0.13762252619296583,-0.3109652124680386,0.6154310266694889,0.5348065096514217,1.4688451261224207,35
0.18891141625052027,0.47655266189321405,2.5769783627975156,2.0071183436396103,0.3656456086935769,-1.8042176295020058,0.7101871621612948,0.12557617784298228,14
-2.2599420330599993,-2.3610674051356764,-2.2742916602345185,-0.15958050803575474,-1.3117947181036806,-0.8050841879264484,-0.49852249056958037,-0.09161094756796034,45
2.162754081108993,1.424338256817789,-0.22194686923050203,0.3241376534896441,-0.17224346098491408,-1.067064839148948,-0.47235539960773437,1.8121856749656091,17
-5.31626333500645,-5.469618781072296,-3.7453014782793295,-0.030034245654514166,-0.8199220221242741,0.5250666047611177,-0.07823690903272856,0.055580715317210046,25
-3.439159022355872,-4.762890024298112,-0.8163589369402708,-0.2475510588848882,0.38520143686215685,-0.2735208130117035,1.1522580439160364,0.9653824076834749,47
-2.2004098159644467,-2.3390197592109967,-0.08260675929210215,0.7417640123422048,-0.1428565371091106,-0.019896515421494572,-1.7003928389636935,-0.46486219064468404,2
-1.0945494001230556,-1.4941576925406441,0.7480024375026293,-0.5726890784993197,0.13410235976654625,-1.7816132668678,0.7805051639370356,-0.09785504749994113,44
2.188240442003413,2.5971330501511307,4.0318451872304975,2.6578915377605763,-0.6896415754650653,0.08954122304845966,0.2869403433703242,-0.26474720772998406,16
-0.7175622367345375,-2.05762682813481,0.24595407386982604,-0.48381419779002266,-0.4978898797635992,0.3919239975489549,1.3007078432817143,-0.6620660305980436,13
-0.35645528876879135,0.637528407825604,-0.2527827977920074,-0.5213894848235168,-0.4390260061528234,-1.3892709364019482,-1.060168531991288,0.3569810692402407,34
1.8720857641510833,1.7042103022970474,-0.9067735918037184,-0.9351753237238131,-1.1809609816683828,1.7895244426787469,1.0969167258491686,-0.7890167725545733,37
-0.4981924083824406,-1.2858682328129287,-1.035248038250927,-1.3463753039455062,-1.0859530196849827,0.17992267227484043,-0.8192167338301595,-0.10490032337585597,19
1.0423869479428947,1.253718936462447,-0.060156243221826666,1.4147825195086865,-1.7069366496989289,-1.5622596962578166,0.2884082331825069,0.3932412582163486,44
0.4722725733957564,0.7154039183780121,2.940890472382306,0.11092664918174025,0.32309318475606746,-1.429900633479671,-0.3684061297702345,2.01349335401551,7
-1.5950294388483663,-1.3828721631024956,-2.9316760093000243,-1.8157605894299702,-0.9761990608177817,0.7316578157161274,-2.3259504976031313,-1.8184854621810356,25
1.2158866536672401,2.2967360056454416,1.2183891881378206,-0.059052945697309574,0.7289463621200597,-0.12350344999008638,-0.050934459916463316,0.07128785491534696,47
0.03659619522065216,-0.3737927425132592,-0.7766904687918247,-0.04983431813303642,0.5966864957006397,-0.13598020804770156,0.3769564772292818,0.6262335588970533,17
-2.1612990884545025,-2.0145783709993927,-0.3881808392939843,0.21814941534040364,-0.9296152509572302,-0.6182400076654699,0.8232494760182454,-0.33040746561102924,42
-1.9476457971364864,-1.8725198648863552,0.339238466536813,0.45000211035640264,-0.2586555886650059,-0.7664320454380421,-0.5927254847904811,0.8307349263368425,35
-1.6267146862299717,-1.963197432194666,-2.0607336686535795,0.6383615264332057,0.5271312882875757,-0.026764927906637946,-1.1019518993203785,0.5060818190555472,12
1.6702714420928118,1.8149064034481883,0.746031547755155,-0.7786428219926428,0.8768677077072071,2.4767130252821845,0.6768053322594048,0.4656567158512214,18
2.7602310473936007,3.385139305515131,0.13552116413231585,-0.8422772242589074,-1.5617891668655515,-0.8003839824745869,-0.333112562973881,-0.40056498551488023,6
-0.40702808794746104,-0.8281260573851674,-1.4114586348716616,-0.9541602581177636,-1.2855601763826512,-1.2040660140594706,0.9984624790179735,-0.2055715315641131,44
4.161051444862151,4.38495756177234,4.094463549171523,0.8258907576898561,0.8374434713154777,1.4581245894372519,1.3583237794752598,-0.21693138983571392,23
-3.206949411640795,-2.7075032695888126,1.2089703235453197,0.7239787076675452,-0.5001812129520349,1.0616125324794219,-0.21420408480065478,-0.9441460818779852,48
3.6854317932616607,4.009692403490412,-0.41886802976635773,-0.6346632020463039,-0.3707264900266028,-1.1965481207486108,-0.15499114818405768,0.172240554324642,12
3.686343212879995,2.894676076752128,4.441895775088652,1.2026816539534526,0.9862215111796687,-0.4879805617315897,-0.678067504920396,-1.009065521164738,0
3.373275043660498,3.514181040794111,1.0907223435710711,-0.33524981502532875,0.01038391398983898,0.17571613464583805,-1.9170834013488038,-0.8892305831170875,25
-1.167947082415892,-1.3589151211247765,1.1314545128012194,0.8190729149788019,0.04062771629931155,0.3745392949758818,0.001591211890401003,-1.3241861662097643,42
2.075566717744037,2.6836553370074636,-2.8450231666963175,-1.5261070171818094,-0.32785417213634915,-1.8194566514993744,0.6982939906790122,1.050419254649811,36
0.09412767932225458,0.032039989593526344,1.5756370814793639,1.7556037921621337,1.3677376751597496,0.6881417894314532,1.0153985564985282,-0.5387903599079816,44
2.159145402016157,3.1328304525115254,4.18757328790967,1.0832330677710695,1.9758660001088355,0.9111067627411029,-0.011208898966511173,-0.8461409509495127,14
-0.16544862687858464,-0.7755226244464937,-2.931055170888476,-1.620200928466906,-0.23500223442037188,-2.3825020885255777,1.765204581762284,0.7564482205899291,25
1.4677970061380454,1.716250453612259,-0.1087139275713036,-0.8434401444112556,-1.273235540913438,-0.03832569590332294,-0.4881757468284195,-0.39973208905102864,18
-1.8111231126702108,-2.2443326318422576,-1.286212387480041,0.35916429531144767,-0.9584733664160137,-0.3140113187362665,-0.012680377156587546,0.3186868501026418,44
1.1706881281144177,2.0505605604334987,1.7066366953044585,0.24798826575961877,-0.18860937740459577,-0.21066696366255835,-0.5062920835531852,-0.17120915221207075,30
1.3901021609702593,2.1695557342796454,-1.66397766441455,-2.4361683689614795,-0.4737825729172254,0.7590065673879627,-0.40891231355901586,0.3433072056561736,44
2.992625138503463,2.5352904415733453,0.09377507616418962,0.22464838087218567,-1.516174036220316,-0.3066384842269612,-0.252655156458373,0.180192039060185,26
0.24212185809971654,0.6164725012029634,-0.22960773389791034,0.23175467035001016,-1.008443754776701,0.6395096859336097,-0.6433213837715726,-2.064671160558495,24
0.916478382644539,0.8964820199016145,-0.6146365965833883,-0.8363079876240299,-0.36616602783205093,-0.144426950249988,-0.388094721886626,1.4001297913375916,0
0.20980438800317713,-0.594504015766027,2.667113146956526,2.190652796137783,-0.3564819959218933,-0.6069885108913465,0.27935604135595593,0.9559061108054586,44
-0.21471592069746992,-0.731385470922158,-0.009283754697554204,0.6796849823389761,-0.5072575972351575,0.15697780774687292,0.1165570952705544,-1.3912220333763095,16
-2.1576125250598177,-2.107825598791164,-2.363693858218892,-2.28979805947104,0.26150280583099905,-0.05596322341853346,-0.9807080185489652,0.8485004945520093,26
1.951972704353773,2.2083869762571973,3.655050098538862,-1.3267784214823044,1.319977970956673,-0.27526811130382406,0.49384878937681914,-0.21719213716054003,6
-1.3516007372751446,-1.5366573470428377,-2.3937370948990155,-0.2327414870435105,-1.3507930139847202,-1.6623205353723756,-0.763905791330032,0.10912226111733073,36
2.5403379212929953,2.6869764996059455,-1.1789784618125831,-0.6053456572805594,-1.5598721916245428,0.453000898397581,0.4457804361886687,1.2227078430770042,42
0.5790936347602574,0.735089019311127,0.7509989175276109,0.8315184065313445,-0.6723411794098694,-1.6466971755900413,0.081595710022399,0.9473316615813433,37
-0.2023081618697587,-0.05914494482888011,-2.009524320297998,-0.4318666237552102,-1.0983460428010545,0.12855819562992607,-1.8112461605507988,0.9300290390877914,23
-0.3776025473739706,-0.9639353120346946,-0.7918126142217669,0.141381017521099,-0.4648004769344482,0.034550719722580524,-0.9711612494775578,1.9129578433971803,45
-2.659893538957828,-2.5908619134207553,-0.6858273331373872,1.00163127366864,1.6644457510429587,-0.5610906193166009,0.9158794012290676,1.0375009309395133,39
0.3500961095766888,0.6146073010018239,-0.5593585851324216,0.6827484217832617,-0.2773260956695627,-1.0970753364176133,-0.5976738243439671,-0.574112450866469,8
0.755858153872402,0.017058991749160923,2.187599145622334,1.2417296030572922,0.35244225917986116,0.10026534991384586,-0.6099973903623397,-1.2199507879780613,13
-1.1056223556627345,-0.3416509848352397,-2.0113194670457606,0.3141320138045575,-0.20312297843901972,-1.0935090848092615,-0.3990345735818791,0.7967706112915303,22
2.0916518682829293,2.815253025895695,2.9776774469818363,1.7345931491024587,0.858617797288799,0.22225036967080208,0.12149523762261326,-1.630894861877099,2
-1.0454052800057383,-0.9640054423225765,1.4202210353409366,0.9242873395930346,1.2444494786698863,-0.2409077496808182,0.561350118709479,-0.33504959182311234,17
2.5782234156768027,3.6145318434863336,0.15721702000646376,0.5458268984080874,-0.3655629123995717,0.6031798749620338,-0.2655240847484319,-0.3438598606937304,44
1.425025280585467,1.027660446983829,1.7951500978481008,-0.295581779737324,2.3926323344048166,-0.3985125279059856,1.61979775289263,-0.670867461033309,20
1.621526173473511,1.1536787709575718,2.068507056635477,0.47430819294208504,0.4216861970569416,-0.3762103364275644,-0.5271766416025412,1.2896168885705526,44
2.9680807353563035,2.659930874427126,2.7576862753737643,0.8947414111002676,-0.12501571559122815,-0.4534169946535832,-0.42709056357620767,0.3051797560733878,28
2.073322287019131,1.7194271777953398,1.016199411184183,-0.04004765110100472,-0.7923279034377599,1.1549504527323482,-0.159602399901582,-0.21468794911097522,28
1.3162893109302292,2.232346546064013,0.6556062569346571,0.5835166998103898,0.9403828856237644,-1.3924365621076897,0.17458692552484595,0.8525246763687443,6
-1.5052089141443667,-1.4800917495246615,-2.6801482328788775,0.22916610969729095,-0.8103858811897178,0.044755704488248615,1.4060479026976822,-0.39070503118259187,6
-1.4110207374878438,-1.4380615641724899,0.009453311843328871,1.2323091891023181,0.21531301620395416,-0.21719517852237827,2.249987787369954,1.1431267602696025,48
1.6732967110890462,1.8551510577761192,2.070232821258758,1.0783866954969632,0.9691931192933836,1.8066755188139525,-0.30766091029920767,1.9464568908595905,3
4.253886140327918,5.043688039548224,-0.33996475738906073,-1.9021320930466006,0.2858295162330833,-0.4579415696219303,-0.14443403166968566,-0.12437620739426455,49
0.9951363009686252,1.0798582883613894,-0.8696319025924126,-0.9159183121320125,0.07371492137995424,-1.2039246410843267,0.6194537715833542,-0.15715715529828717,33
-1.4297460724347075,-1.615266094464844,-1.47237856058074,-2.274882363379946,-0.9438593874407286,-0.3026471014850154,-0.09832811122578759,1.0966616456907108,42
2.5886575714613054,2.724779840525748,0.2887030452965351,1.8250083132031651,-0.7627833079796024,-1.2099931115535805,0.8364317336259613,-1.8670836293895978,26
2.1646071075548385,2.790308855779351,-0.7041476652014869,-2.0188089929337134,-0.39297457061250984,-0.2814438200073373,-0.994773773949485,-1.194797948871092,10
4.35910492655995,4.260214845962486,0.5301177851518459,0.10688916548497132,-1.487334664083049,-0.8034644506308561,0.8292438056998032,-0.9783189641267678,17
-0.23927248251798505,0.46240134481582196,-4.313369240631066,-2.308672236300583,0.126764714607627,-1.610583841509343,-2.0629230548973148,-1.5399107242241172,46
1.3409087529980848,1.4944362217039435,0.686129207488386,-2.7880362553624605,1.1189607169991267,0.4639247086208064,0.517535283152156,-0.005027666038525331,28
-0.1753755287004619,-0.2610382722321791,1.2325632316682236,0.31006501848438245,0.3092896720761179,-1.07649559917773,0.6542394569684764,0.28068239578432824,35
-2.0417215972207265,-1.7957425618191711,0.15505944319197196,1.0324605333326866,-1.0892541309462567,1.8704947890343802,2.3869666694803917,-0.02816064793315836,2
-0.08970141695967038,0.8913459046119986,-3.1898440260208103,0.18489983176180658,-1.8853153265888247,0.827997826691555,-0.8525798821049047,-0.028330029359820083,25
2.8763611415225214,2.7575975422448504,2.5794984273632147,1.9323180913046074,-0.29528813761598866,1.0257148614726186,0.6787629067647978,0.869579216764113,10
0.8283173610893679,1.51266120113681,-0.06521834350584271,-0.2525541581147887,-0.6682694741249182,-2.6221863541764927,0.6350669470689772,1.0198742443532887,26
-1.3674654123509473,-1.085595854849854,-0.23354387475094607,1.1960915676273292,-0.48533822009444044,0.3399858126516867,-0.8843220817160339,1.1814439186788006,48
-0.33123921004789597,-0.2508544575637972,0.383415364765457,-1.173721428964342,-0.9486123160326104,1.0778297493945839,0.2608894323780406,-0.13741051285147832,43
0.894007687000888,0.9215711025054052,-1.6797893476247499,-0.4259951083270174,-0.4406988818087068,-1.3000892614798727,-0.7923330416634734,0.015130921209239763,22
-0.1252123870778417,0.2832655365890966,1.2695226375521274,0.17082569286254065,0.7400152067648224,-0.4995712895755818,-1.0982447686102665,1.3999270554163068,40
-0.3682772028379251,-0.06110662951194257,-1.0461804442714162,-0.22629844016398706,-1.2598703925011887,1.3651093747312353,-1.4285978349014177,0.389032875492973,21
-0.14223153828183802,0.04431523015482339,-2.3814864692516267,-0.6571166345471079,-0.19359174671466203,1.6482512615282627,-0.19621877366312357,1.2536403346509142,26
0.3698278885700954,0.6981264694172354,-3.135704217381332,-0.2643398816020574,-1.5914617387839092,-0.9647111850601768,-0.9936506383605485,-0.45376284153193475,49
-0.6697997297436812,-1.0934242308721094,1.010147172971889,-0.3961596271779092,1.7496802000378895,0.1881737143854595,-1.9724547772488743,-0.044930998825173825,19
-1.3510747766578983,-1.6713876119991296,-1.4170988436161989,-0.26106001732757034,0.7958842430030354,1.273039043910517,0.2852210714448052,-0.6124079662794336,22
-0.22714322823606276,-0.7193153137181094,-0.9336930448181915,-0.795232714774825,1.404359467370032,0.8280671966298345,-1.6295362777183673,-0.02250083183900699,11
0.8905632687874359,0.7226578255360607,-0.5704281880825641,0.4174942474233879,-2.4076121893411937,0.16454803498473844,0.6738123052775933,0.4032226018354125,2
2.999094933786904,2.897367815497975,1.2526960048526243,1.3679666731497133,-0.3066811415933719,2.2893472407534277,0.2417267998954989,-0.4285871096300382,27
0.18301844845122084,0.003418242114534259,-0.7581421093972944,0.043139939045777405,-1.052269199651217,0.5662226204438456,-0.7822506924291959,1.8642952321876285,33
-0.10345393462661978,0.16302072165770864,-0.2133147005296191,0.265974361927197,0.8083629815041277,-0.2525599301169182,-1.511514912279212,-1.415587111841562,25
-1.0867731697822276,-1.552229187687847,-0.5211442492081535,1.2817927303002947,-0.5874669686808439,0.10462027752415957,-0.8649254047273793,0.8211166750764957,25
-1.5260092089143162,-1.6434097224965685,-2.8456806895281694,-1.2827122841786844,-0.8323806968805051,0.17764509032091283,-1.2882239762623937,-1.0373754318110355,7
0.6747521731770744,1.105451485255567,-2.8715130797773196,-0.6880831729836605,-0.4795327410198424,-0.23440461349478728,-0.35852634162094993,0.27974121122338225,12
-0.6167164975894228,0.21803745612658865,0.07527975300178547,0.22902062072378376,0.7465781324585735,0.7487111640233265,-0.34745647302194704,-0.7355953297697979,35
-0.1320609018051081,-0.1029883420783405,1.4639613801624667,1.0068704506318407,0.18178768690148853,-0.5743489196441962,2.378879231790554,0.06615236196404393,26
-1.6947169247371332,-1.0990758134833336,-2.4892763338527457,-1.6242046030808723,-0.3749900224184863,-0.8273477120913865,-2.007161752199162,0.0658740558330402,45
3.184371313633161,3.8643366396374144,0.6769590963344844,-1.8565398738741077,1.6398065761201694,-1.8806054425701846,-0.5644319821122816,-0.763647150264531,14
1.0425286059442702,0.5430913470167893,0.7416579945669748,0.33598159040287284,0.5378710285814413,-0.25979883525140895,0.5400627279494076,-1.163455454645065,23
-1.046343725238302,-0.9241685459442318,1.3456566241420327,2.5907314225081586,-0.0018453427497392056,-0.7972121620073678,0.9931077468270962,-0.681127494696514,35
0.2849123484713947,-0.22953347129053825,1.0153740238013358,1.757455427281303,-0.8315608587015453,-1.4741847248951165,1.2946262620046531,0.016279761200890263,31
0.9110399971998451,0.7220710445508716,-1.3016203217409381,-1.0394562663844138,-0.6720205266067224,0.023671588068462292,-0.9422198387488571,0.7685619209583849,48
0.05204397204993427,0.25564743750370056,-0.37733470293442806,0.31904573670948455,-1.562222353445907,0.3318271531409749,0.7778123406783692,1.525437778790267,8
0.2392572766185668,-0.38324152948809487,-0.08244959834930787,2.2384506513475064,-0.7457654876915587,-0.15588858177400294,-2.7744204193993856,-1.6410629746926253,3
-1.5637738062540107,-1.298731361563008,-0.19075493484715766,0.682221353730243,1.1983630522482676,-0.6991125259252203,-0.21393576387958468,0.430339332143835,34
-1.7214791015541264,-1.7880629534445847,-4.594596211567488,-0.9975836135173912,-1.0448274772170556,1.089036970946141,0.8267976103043843,-0.45065165020794185,37
-2.362826047939182,-2.4797818712259994,-1.8279357139190602,0.8902484393088779,-2.217065310447047,-2.1916694307854057,0.6880808359139892,0.006832087757442525,13
-3.6213080172114496,-3.355040473625967,-3.0816739667189186,-1.2771336778609819,-1.5438040805044984,0.3927923749058906,-1.3594089563522362,0.29943092538401045,43
-1.4764117703237332,-1.8797134735321688,-0.5306502449931854,0.2005039175428406,1.9652656351874092,0.7834588126530956,-0.8003205703342737,0.7496196177400206,16
0.3051801663195678,-0.5274585483853412,1.552153809899429,0.10156412277615509,1.1753088858888037,-0.9274875975285974,-2.0834809742529696,0.3812560436632189,35
-1.588412496157639,-1.572234189574834,-2.4562524864173687,-1.4404154144311567,0.01125793201926193,0.930822163790474,-0.7196849412275035,-0.0269425331116306,48
0.5630525506617315,0.21008775990868045,0.6777398689121032,-1.6656160390359367,0.8860658923825196,0.850202937374036,-1.3330377238787172,1.4801642818709226,28
0.17775175541495364,0.08152790109807816,-0.5365204791688809,-0.5305142520443736,0.14975703724826095,-0.30004667989181805,0.26363968987290515,0.2623248807747631,30
-0.5991696601975499,-1.1397685471887187,-0.039703408055752065,0.06040970445112754,0.7977937171783007,-0.8376992739943487,-0.7350236263557998,-0.009421879964345063,14
-1.3932220412276943,-1.8538767806722891,-0.5452136332908164,1.0339341959791202,0.8617710779830704,0.8993860654680015,0.5782428918593752,1.0770899336201243,42
0.8896486350175414,0.38397459542657986,0.07304280612476632,-2.022468221247715,-1.9129471428982634,0.6808388496543883,-0.10996321540910464,-1.0908969865171196,19
2.0981671908852024,1.468276737560827,-1.5475374441303127,-0.6175446742667192,-0.7235988844099767,-0.798634716212863,-0.32627199740381496,-0.8983033942260509,23
0.3933841021798886,-0.0072896144731822154,-1.2014993754819563,-1.3854473643791303,-0.31352546302129763,-0.7562109717977978,1.7072030537780634,1.3762076168383899,6
2.184692826347268,1.798462809418891,1.5613975565399827,-0.6883600030666808,0.4639672443942827,-1.223442032684863,1.1292675772116936,-0.19441946946775043,43
-0.8647726275603469,-0.8517908310969173,-0.6525491828222705,1.1200794342047482,-2.2809905341784473,2.5252719682391493,-1.2847157042822153,-1.7013331279829011,2
-1.3658927488952177,0.19087283743351802,-1.9075288462574673,-1.4047528073706974,0.5699451413368418,0.9051390378939705,1.3387715031251,0.7522212223091698,6
-0.9185480972942428,-1.2234303605623098,0.772726082305371,-0.026669498857073558,0.7339761177679645,-0.13275467030756322,0.7367075635637594,1.1378550651259647,35
-2.494532209387098,-3.2772885343222833,-2.350716152562234,-1.8141795104175287,0.3278319246845217,1.1409324821717768,1.2850370268659563,-0.7432088357742203,2
0.825782210744541,1.109068554029477,-0.1209901391795194,-0.5838218301445939,-1.7495790569992173,-0.6356490895785548,0.4352626946118447,-1.2484761240106264,5
-2.4927951424014223,-3.10113636273765,-1.8913946053212367,0.307881276278143,0.2843409394121115,1.1016837076632953,-1.7468428032571082,-0.05758866542382026,21
2.270086653180179,1.8295458316500675,-0.277090210577813,0.5447574099035055,0.49319660004599825,-2.0604883524377144,-0.36785960356281217,0.33094344268082454,2
-0.05854444259963265,-0.22969268503617568,1.5234986915001414,2.245299194101904,0.02731244431674358,0.8557133630428269,-2.3644389773460817,-0.5762612448993474,46
-2.5293867550823244,-2.5115951413686846,-2.063987396100615,-0.37523578167427724,-0.17704793416914505,0.038391853456674147,-1.3630998031810226,-0.8778858277047071,12
1.1749169941966375,1.2064185612162064,2.0959860164245816,1.5821758298574453,1.5228562601383406,0.6081782979314692,-0.6808928817556921,0.4872985379238303,9
-3.198913104078465,-3.0826054400616245,0.8252747325474044,2.001399053016951,-0.4231272586310009,0.5074938341183467,1.2308189136618244,0.493873307954606,0
1.434409720914313,1.3730077856118088,2.6034181538118095,-0.48444658766530835,1.3006722610822778,0.01832953833425093,0.0361802220481723,-1.5163062162874437,14
0.3487020643985746,0.8885887718420877,2.306710093365815,0.9788217743380844,1.739437963485943,-2.1310313849769766,0.20728745961117706,-1.0705883968696603,29
-0.029257468216345645,0.379066039027634,0.07983718914793858,2.1966381160738013,0.30851160283095863,-0.34185470703372944,0.7141547757337138,-0.3194594982066348,17
-2.6763856103666077,-2.94758591586357,-2.0400651136922625,-1.9713051033733453,-0.32458063206737436,-2.362981657720866,-0.8846691195103313,-0.60868959168386,26
-0.5642769772537221,-0.6739842677774147,-0.7964142614077638,0.0749329755354752,-0.18855316604246922,1.8477950290759648,1.0702965932473143,0.18947482336098023,14
-1.2263919505070957,-1.896373391523317,0.08174175019213742,-0.3483726610116237,1.081627563549713,1.1778397218008732,0.2104979962881639,0.4725546923311991,21
-0.3609628372810875,-0.04174645837792257,2.3821328270413544,2.0954037932900005,-0.26629122641981295,0.7652165679726736,-0.9399231049919918,1.7444437947361056,13
0.5186370461126022,0.4120311975940185,-0.08722374057233345,-1.5661667591046693,-1.1462596951767994,-0.29141624212267225,-0.5633299872434244,0.32701300159624486,3
2.5543228875634876,3.483764520278799,0.8473062907052868,-0.03537345491124593,-1.2544181323688082,-0.432939851254629,-0.2420711916210037,0.8592300825828313,7
4.10092994253111,3.7624176988937057,2.083799384018844,0.7066337050038162,-0.47752001303621705,-0.16842328184498054,0.5857452944363103,-1.4911093621302889,25
-2.7587803380223175,-2.0199798510822986,0.08140928359092381,-0.9210896895942152,1.4055651000779799,1.8132388855048784,1.3805994054025783,-0.6703331763673881,10
0.6030089374202618,0.1468569993599621,-0.0379588039002301,0.20114899385836357,-0.1257575259952281,1.6976600577763685,-0.30581762158439035,0.9860775865478023,34
-0.06096513991087121,-0.891614354633729,1.9621051275772536,0.48254658503970366,-0.6938954035334165,-1.3895584972742638,-0.2234136846601441,-1.393541020818507,32
1.543216327212306,1.1167706155742083,-2.060823636789781,-0.6112097298205965,2.2425769652284506,-0.6149465673599348,1.7483241379397714,1.2523697128939195,16
-4.049168431056003,-3.8876498049366277,-0.5940332584706627,2.955120989095736,-0.00857394021478797,-0.2278608099543846,3.1077258880757928,0.5030353154591751,3
1.0903722255641481,1.5827495222947754,-0.32986085918388863,1.350461583621968,-0.2573448890582178,0.3828124340701998,1.7517272069642835,0.1103812533683557,13
1.6547759928656933,1.2194300275536785,0.9766539771935353,-1.0717737766921247,-1.2816096475528764,-0.7618825616082749,0.1818213270035271,-0.1301377301977402,47
-1.9144287553724193,-1.4469513925379616,-1.3880548819852452,0.22338597832120302,-0.6864041456614284,-2.01862670864888,-0.35607050834665577,-1.1195285240638486,21
0.44045316674194,0.17768719752739304,0.29665602997989043,0.4839028205615596,-0.17335648715745375,-0.2909451956046822,0.6599591266138358,-1.0403363075925496,39
-2.2886650681999385,-2.547264464308003,-3.8192394008856723,-0.633001505044776,-2.314220491309297,1.6266020418614802,0.29045698615065874,-0.5184928705902413,13
-1.5352154111419702,-1.6899646087431273,0.10823399174782045,-0.4963919919821331,0.5373000548153617,1.4255665069085095,-0.7788075109432259,-0.42561507811873905,41
-0.146635119904994,0.6552257094151449,1.5037939120626418,1.1553731157058733,0.20468017279554399,0.0066012527546776174,1.3197987209187865,1.1459449915266082,18
-1.2186007895074034,-1.136890462533589,0.2633876463558572,0.31159850445095066,0.9281553659080012,0.5917352702219046,2.4701520802542003,-0.9841272038753511,47
-3.2108789478232684,-3.068815836997707,-2.141480200182114,-0.4610457786069088,0.45962675169242917,0.38548183587111096,-0.8281726606142022,-0.6113582256196455,28
0.037309653410875665,-0.7099219092505162,1.5216266973565509,0.7109528530501624,0.20837577663950757,1.4040156509751682,-0.7765539881140421,-1.6670333841367206,27
-1.4160753925273248,-1.342444649552136,2.166717761716687,0.20481318797681525,0.9101538267519983,0.04310595473232129,-0.5017621230471587,0.13492268895034737,2
0.3974461679263076,0.5261461143486658,-3.8464545366138427,-0.591083092437413,-0.9725254950930542,-0.16474602852923254,-1.2405941461908163,-0.022699966076582593,42
1.255312432994851,2.046171977305992,2.5923905563910368,0.5484228326248337,1.2994280380957213,-0.09341528766741022,0.7881491162304848,1.015296037220975,14
-0.1396370181794817,-0.5735840755701748,0.33856493391443276,-0.5348053044598163,-0.5228571829403214,1.3229992073767611,-1.4120991815981956,1.7957357893204913,43
-2.3013945375283114,-2.655065823345994,-2.572179784544347,0.10756026765700474,-0.5147743271566388,0.7582736951200233,0.6454226362409325,0.48734504958424574,5
-2.7620304496131407,-3.2196223314097874,-2.027097246964627,-1.3564237363857172,0.11851234794237794,-0.045049422135669995,0.3812547988298869,-0.8300268364895708,0
-0.43135299674528316,-0.7583024729679484,-1.7406349660687084,-0.1387809313893332,-1.1849091533046747,1.0061239567303095,0.7246995342200981,0.19273789952674913,11
-2.1191581035012557,-1.7992693645108617,0.9347712930756319,1.7249840315123977,-1.3591512676690916,0.12227332395167438,-1.4558428111335149,0.24794734277548716,2
-2.9609284239935345,-3.3595551951618807,-2.2971124273670793,0.6609046754945137,2.3149904037278555,-0.4277802336640272,0.13731024260272276,-0.07650024190812706,40
-0.8855221070809352,-0.27002989346863704,-0.4209111588565052,-0.9734268366637586,-0.005202858577665528,2.0646052906385473,0.2624354792209807,-1.0437549886787507,35
0.9088197290865447,0.9158417326006177,0.38305946082457787,0.07073551341765462,0.270967318803863,1.8198261926454375,0.8606061609161858,0.3050717857102638,19
-0.5683508163067739,-1.0242035421612703,-2.9350639812845434,-2.190446438276586,-2.222263659465037,0.9300728898024052,0.36224384359924083,-1.1666651058485131,17
0.9649826049524143,0.6365883245578426,1.5569575406794027,0.7940402386340752,-1.4219620141705662,0.5305274519005098,-0.5754841536129093,-0.10129788305600515,22
-2.0746734236337723,-2.7562121541559867,-2.9620426728028066,0.04192318786860374,0.22248696539534832,-0.8250760855133722,1.11284976449308,-0.3078357556099625,41
-0.009418159304419388,-0.7294963250188683,-0.3986532007376452,-0.4649468558985999,-0.8994836880634516,0.05210330961445501,1.3519608439589779,-2.4666519057652,15
1.6205542809998028,2.1733354140949523,1.3902099679812263,-0.23724486604780595,1.7250758331795557,0.6437856715924614,1.3196350427574919,0.5544115608249812,47
2.4670713935200403,2.8868556860391905,1.5233899124578811,-1.6139745245492636,0.42614243921635636,1.4683906552563877,-0.735449682334563,1.9922436522210265,47
0.719753909166429,0.22817701364231407,-0.32438497124760257,0.2885500772847259,1.1135813117420963,-0.03516826222491474,0.5123309963255035,-0.36735876103560694,24
-2.175976970616573,-2.4080020910721514,-1.4981070045462601,0.7224027115572011,-0.958921199268751,0.806318916781409,-0.9006051091813693,-0.6071500926755725,43
-1.074142250667915,-0.30087695704123607,-0.3842886067505369,-1.413733991933919,1.324950610063911,-1.5519173301960663,-0.17248640059301454,0.857719478498149,39
-0.5192047956909032,-0.8859556484017891,-2.8493940496488523,-2.169138835589552,0.5438257844228404,-0.1770526852780209,0.7345448406017511,-1.26153267865787,2
0.07131218101534942,0.16771857209538157,-0.9986879459366573,0.11676178295157401,0.4384224760315123,-0.02801549039745199,-1.4117413531667518,-0.0026998909106928657,24
-2.9431430578791233,-2.7071709375596766,-1.5829049225807523,-0.9075626995446222,0.2164587586942932,0.3562384517110233,2.7226811288049193,0.20672483755569032,12
0.05592531686636122,-0.054548126188081456,1.2370168423600127,0.5051643298578683,2.036980688971282,-0.7537826356200252,1.198050467033287,-0.5528027160512045,37
1.1138701743592798,1.008800147434731,0.8228524945643909,0.06878302268976015,0.5740265845893545,-0.45848697940354,-0.7584243642343779,-0.09097662938919462,21
-0.23986444757332936,-0.41848075928476003,-1.1892849968769323,-1.2291507784724531,-0.58199289423325,1.09154131761079,-0.5634767537194545,-0.8229396062499954,29
1.8079629771705386,1.8523614344784112,-1.008416105045084,-0.2763781444860867,0.627525253128192,-0.7531549219188655,-0.07812687803035014,-0.5695116401922041,38
-1.1549813836139324,-1.9332751141998443,-1.0570515884435803,0.4574455422061942,-0.6929867488996203,-0.8640308527710933,-0.1434212441223568,0.6064986061616939,45
0.5417704978809882,0.5511001650875064,-0.9971901480849668,0.11518097929657256,0.05337157546715884,1.511316644120892,-1.1944211588163813,-0.847578105271803,15
-1.9774264846594292,-1.9028170354974918,-2.5192589350526284,-1.6662118924057887,0.5219529089064581,1.6529958389055441,-0.13638081211700295,-0.5628084170725449,8
3.1259729609241336,2.462769799030863,1.3737066766791208,1.3967000385668922,-0.39375836105217193,-0.6990392247321253,-1.5245020192788012,-0.6812721429290847,9
-0.9270427555930164,-0.7208693510652815,0.5513516984834835,-0.5076790572453795,0.3084908136475949,0.19417231713593897,-0.6124541256278458,0.4594533760877585,36
1.7331214908485375,1.2622232269596065,2.3236589961178824,0.35846755897223237,0.6138977344935788,-1.0975021481272984,1.7569472823309078,-0.37586642100709844,7
-1.1755294819405289,-2.474880645620095,-0.009887558729112178,-1.1570007542100615,-1.2581482666581254,-1.3767376352522132,-0.067746493813115,-0.8274750585418027,11
-2.9578134921269563,-3.922410738062082,-2.6082041408765004,-0.10183163238425012,0.3193376340449664,2.5972058521124426,-0.3862519319457383,0.2914060317958804,42
1.2825694651637383,1.3137906989728374,1.2908542817623911,0.547071403166605,0.01746686532048646,1.455517450815689,1.5419829848724464,-1.922025414332519,30
-0.4187028536368762,-0.16023802027789003,-0.26929741437470306,-0.7532648297887874,0.3481918783780489,0.9987372991125052,0.30868715678254777,-1.8205138657294353,19
-3.8104105257859047,-4.0365016911073885,0.06984559483587965,0.8066781652553255,0.41421967500775275,-0.35773769194030874,0.6112320818582326,0.251290942951332,42
2.9587086990817766,2.2301972456676484,-0.3843334861587264,-1.2735933183472283,-0.15726320019260911,-0.6107768467149438,-0.5669706447092371,1.738330082915657,16
-0.06885996658153881,-0.16557669885388815,1.0412740501573061,0.7065062997316692,-0.13987435806578832,0.576001524263136,1.0754541881104336,-0.4856913901423333,21
4.8872566452695905,5.318644334409716,1.9108809679707441,-1.6502474083363836,0.997837367402296,-0.8742322271120103,-0.32917494460624086,0.29784958164452746,21
0.5040650228940227,0.46371811535783214,-1.6251785936635363,-1.601990210254665,-1.4112693452040537,-0.6440917620482611,0.8583364192382282,-1.335143683926744,34
1.805492392597455,1.067356023794686,0.7311372743893676,1.152020975573191,0.7313602719877782,-1.2032831510880235,0.6287352145321411,0.09413304042533631,49
-0.9932070209008139,-0.7827925797108828,0.38365609488049524,0.08869049738948387,-0.1076954442276993,-1.6075358060073897,1.6992047540813011,0.16380425678569033,12
3.26121114378532,3.1443753806166885,-1.5211149329914266,-1.015895554248493,-2.088920275569501,-0.8918547636189441,0.9766872467622416,0.5211069338854819,35
-2.1208236996475653,-2.224729917614955,-3.520758463594835,-2.717126090851557,-0.8154509291213291,-0.9596743081891339,-0.02122829313744064,-0.7243209906797665,20
0.06429729551815533,0.07532065766103888,-2.6411016321350838,-0.8170230190620703,-0.8439900709686409,1.1851236436386299,-1.048711802371161,1.8075950983417688,11
-3.21155388216478,-2.955914423997905,-2.7363483885799167,-0.35701020696577884,0.24715454948486662,0.7734559341190924,-0.3012016979041604,-0.9281354008336123,15
0.4922465162258469,0.41994242945484656,2.1189550005175857,0.9227599653001518,0.6969288239611434,-0.5673348066954672,-0.6857015226056865,1.415294019969765,9
0.5532020621042955,0.06261006891056259,-0.6596166384201858,-1.1242585563842344,-0.7973207761738559,-0.48414486876421936,1.5062723789274557,-1.0379820210579884,9
0.2674283138532787,0.1938833010297105,-0.5989580293195527,0.004980361412775081,-0.08798644988982186,1.122336643474612,-0.44361313857002244,0.727107341867955,5
2.1912502896645343,2.2371141277285886,1.1858998337593198,-0.10567743291008574,1.8355182231986795,1.0545229126379854,-2.2668686947621666,1.2485460015432335,47
-2.3655058033643614,-1.8073736606477757,-1.1579730522299834,-0.4936232816901966,0.8809342440614654,-2.9432484491490194,0.373521999784531,2.034172600538951,45
0.18302738299241572,-0.4362162907526117,1.804878540977347,1.410069430883225,0.4212029043349216,0.40638075622405323,0.7999173018359452,-0.12892054246370677,37
-0.4414825040796116,-0.5291625645930542,-0.3848757698015171,-1.7235438643826653,2.579581419695999,-0.2606175008956204,-0.9100081384825389,-1.5787203931805058,22
1.430719658074486,0.9817881321458777,2.7112695125475037,-0.1468163831647533,1.151706848519533,-0.19859662058239166,0.7031660965674789,0.7807262309285421,47
0.6161031581656208,0.7278418487577734,-0.8930976506238747,-0.8707469417447626,0.673561728383081,-1.0375655422426135,-1.3105810225007686,-0.6896781698405738,34
-0.38963089201358647,-0.6767490812962124,0.9670170298737863,0.759658216395844,0.14056945931347517,1.152764377021965,0.23681943765199748,-1.0347972992487975,39
-1.483275421105579,-3.010471952962262,-0.9181226866252399,-1.2391284965655471,1.2738193878141533,0.3002826584473563,-0.16318388328780334,-0.5736768355428059,43
2.7611881749014806,3.2071882335066686,2.2353651216983623,2.019120585238134,-0.6665472411160018,1.8991540599028987,0.3046997906494691,-0.8779080056406913,15
-0.4468092626819502,-0.7916005338250085,-2.443875639489771,0.7195083484101157,0.8068499273455854,-0.7441912959353917,0.4132197248370763,0.7062052823220134,3
-1.482863282155734,-2.0382889944769422,0.3359365699718513,0.5707346303910525,0.6850026415368057,-0.8499904235403863,-0.6706752579723129,0.16227335003107146,37
-0.36527690852801786,-1.123876530833563,-2.343042766247334,-1.1835495922790686,-0.790795947529965,1.4954521192366594,0.7931371105985432,0.6320294053581098,10
-1.6850978325174477,-2.2289273863883086,0.5914299366872442,0.1600074834489285,0.9578947139250207,0.2954053163956394,-0.5001692271309834,0.7991749961394722,48
-1.013449454762414,-1.6690961246259213,1.425586751732026,0.11879625008930488,0.22698490073874272,-0.4202410538220063,0.11270688947187234,-0.38151649035938634,20
3.041694029598051,2.949504231281799,2.6392736625831055,1.2484879211936506,0.17687878601506227,0.2297992272251781,1.4006088614822583,0.6527475187189404,0
-4.527911793976126,-4.4780697232055555,-4.813718749536774,-1.415645265805326,0.31574909567531584,-0.6905772149894706,-0.9171535176632373,1.1354732236436,38
-1.63970069280751,-1.6991693706638298,-1.5987236621136813,-0.5125190398872679,1.0598237518749045,-1.1169513667366886,0.06867432532081726,1.7457073352768067,24
-0.4327843414325355,-0.2787799171928787,0.7345172966641049,-0.2046752520471199,0.6426149709888884,1.1775056691299222,1.5790675381496244,0.14716645668922945,21
-0.3216930431895139,-0.7502818785543401,-0.04748509923277314,-0.5302545563333058,0.3263701348185148,0.2919356360387119,1.242258699027891,-0.26028246218148343,32
1.3566019058692982,1.630511994418672,-1.1867764661991635,-1.1544578840076563,-2.1881467426082746,-1.9710749106915297,-0.6791503640021141,-0.8938819153249062,15
-1.5245877631999782,-1.5970977807253444,-1.138555373420071,0.6128441338636251,0.10431975492956548,-1.3704128141859178,-0.6189962065832766,-0.3850354344517265,38
-1.3912050397190256,-1.1954713690359016,-2.770281390737879,-0.6546716680898673,-0.409257362011989,-0.36644568510200903,0.5385668645707391,-0.0025938629505874496,3
0.5382813960946011,0.8176796791605703,2.1458690939642673,-0.03148680793169923,2.2553156254074627,-0.7997800698426806,-0.6537784762946953,0.2270225413306946,38
1.8269682770636386,1.6256656695700444,1.1211589725713897,0.1457350556071329,-0.7876684394760428,-0.6431712342115719,0.06766442159566127,-1.2851160965297457,20
-2.4582043483550606,-1.8726863189809513,-5.542839110449301,-0.9005091548624922,-0.236308294743295,-0.5657244972677062,-1.3595396282905927,-0.39353243804068827,26
0.8281815613858605,1.1981183905850399,-0.04665539452291978,0.3561923336861145,0.21671055061389238,-0.9134280309550405,0.6240182455848912,-0.2010180595185693,9
0.4096359261474576,0.18865966586992644,1.4097363217109589,1.958780851362681,-1.1958003885078237,0.3625278895941485,-1.598020013621784,-0.5718542165105948,4
-2.7878310548725036,-1.9479872569960812,3.221949701898208,2.2151868347583643,-0.7295945322119848,1.3539246021805182,0.12691463308385478,-0.5891839662488302,48
-1.2390665315320368,-0.44516361280860206,-0.09347994638925194,1.4496502744700652,0.34516232971068334,-1.8895307755661062,0.6897060296213469,0.31896524989602815,13
1.4164040932495805,0.6450032406072967,-0.8552861369959528,1.45037712513382,0.0936193458674083,-0.5597121602342398,-0.6696225473317262,-0.9329068921065744,43
0.5934458143793817,-0.5259220610385857,1.41910114389146,1.3030844787372458,-0.7413494466063832,1.0869889548105023,-1.564667259275857,0.4363035575857757,46
-0.3212071884736975,-0.6440677145640805,-1.0608772526510521,-0.5610756919059604,0.5467216798978574,-1.1005738684980122,-1.2677321206923913,-1.0297414089977948,20
-1.9315404850415072,-1.7238010011974838,-3.4215517952504273,-0.4054462151895559,-0.9364212996767964,-0.7280476434339651,-1.9077757088357026,0.19414618814085366,45
0.49476906372631985,0.9326261419452191,0.8215828974362509,0.18995124262165483,-0.1755793926116903,0.19127892604231037,1.7721474284938161,-1.0626066296820353,4
-0.6020884808187996,-0.2969393601734533,-0.10643085368550703,1.3094641912408695,-0.11798733124830135,-1.9008737646245972,-1.9191843667782278,1.1073069356821212,23
-0.19568523713205974,-0.22110148311268307,-1.1221421306839283,-0.29515015446667603,0.08092327936609439,1.0394741507092091,-1.286448480279328,0.6915454170521739,18
-3.3706632656185476,-2.9162523768591506,-0.6848155414325644,1.0549867220238451,0.9697588300666802,-0.2332799513880071,0.3195745890642181,1.2608082100334876,6
2.2636463732850673,2.5938793205374915,-0.169905073655416,0.658270120891964,-1.4741430092893475,1.319385149249127,0.04326364770180033,-0.8039685833030508,48
2.2581131408719024,2.0259507474655924,1.3305119231841844,0.4467563632709797,0.5177889351499027,-0.3880631940452916,1.0162396920793861,-1.2580595675211956,1
0.1977579381250203,0.27003903615154917,-1.9124205082978323,0.056177801244459674,-0.6838892755998043,0.5777823877650812,1.3023513731365437,-1.2591687465491095,31
2.3977735966643685,2.9002661555008586,0.9799012920417842,-1.357395429487321,0.9914597414838008,0.5547296928924572,0.4410438162390543,-0.22246577030325929,19
-3.392429420134273,-3.7213103239928067,-1.1318100660883463,2.0676634912813556,-0.04011717296061069,-0.09561155034720306,-0.07010518407071023,0.9972486670130156,24
1.985383623373091,1.6619317383653969,1.934208574335671,0.19689803983217527,0.036945585147440584,-0.1101743342540411,-0.5669004053483019,0.6608752423083675,30
0.6252085409537222,0.2003918287927916,-0.9752922253748796,-1.1269981126271025,-1.129863073665255,-0.5792449027513838,-0.18859020265078313,0.62830164230134,19
-0.05544713905754284,0.6418023529411138,-1.8201932393108584,-0.29737815807454543,-1.2125021148332924,-1.1863160117673908,0.9354746012007199,-1.1767261377649527,26
-0.5952675450044178,-0.28335803355090833,0.20449884324970594,-0.29043948462746766,0.7567120193577214,-0.19542690633419227,0.6025008260361437,1.0174949378352103,9
-4.0583331179831985,-3.661795339186131,-2.4107560590760393,0.6921383587016243,0.9924924533364242,0.7841700705073541,0.6166880147099737,0.6843014036353617,30
0.7004398728194787,0.503310971917045,-0.735405648112268,-0.4306429075037464,-0.4135720559034108,-1.9045922512637872,-1.676728204286387,-0.5271456844394082,7
0.4287261807686129,0.40003583326567926,0.7578658267446242,-0.6981430541052747,0.4777478933137044,-1.1109668387526028,-0.7685233014286537,-2.424464274055405,34
-2.897178119415891,-2.3193679321631784,-1.1273370354335444,1.3822172676927504,1.4640104342757743,-0.3769975176309541,-0.6909115769407214,-0.763827664257093,21
1.2004187981952352,1.0494815013003724,1.1969125423770386,0.94164538741657,-1.4477111707189934,-1.0711513947037754,-0.547254742888096,-0.13541235731030582,19
-1.5565030278721195,-0.993609949599698,-1.950515356579952,-0.3804190417930629,0.008782333706213927,-0.18997033811190153,-1.0617679741164927,1.4850448316323102,48
2.128892538605461,2.104638999564855,0.46892644721896415,-0.8807059436027317,2.0076147006888827,0.2972443868679238,0.6729602564565541,0.19520282150949245,32
-0.15613131295402768,-0.18163397736276163,1.2111602030006419,0.29243714489764167,0.6954512755087378,0.17916297695561959,1.050581381008722,-0.07114239558844093,47
0.49569234019512937,0.7518699285442929,-1.3779795340587249,-0.23617304866355704,-0.5684608769208082,-1.6720885348328223,1.8068590809520646,1.497660859922021,0
-0.19981138176341445,0.20505363813524036,0.9837181350899784,1.5258379008359118,-0.940507822086663,-1.6983750254016279,-0.5293907584748707,1.4661124184954484,42
-1.640862684306753,-0.7983817726699627,-3.9188964858308393,-0.8249005204864504,-1.6359039170368652,2.035975424433393,-0.10610296519128776,0.34968006944535757,40
-0.0034690052888185496,-0.18562620592825388,0.33455070712706503,0.37281004029572995,1.4383762773422055,1.484804900366188,0.0878082745288827,0.5805075394914234,17
-0.2778034711740971,0.5320038689380446,1.0314760900411386,0.5804960519396544,0.584776010892986,-0.7378294719927828,-0.013185400089804532,1.179621072891192,32
-3.2081913714202637,-3.591724353508385,-1.8674959196709167,-0.08599124789316158,-0.6167574217659679,0.04355445659642385,-0.8418949751566677,-0.6926135632460373,29
-0.04843838414371083,-0.4799651399965511,0.7529393347102499,-0.7140358904078855,1.2931322058527315,0.7802930797250405,0.7913698178502474,0.37573869249940983,3
-0.6827587339955195,-1.7851542924377104,-2.520438379921073,-0.10863396372234972,-1.7058537066821913,0.6989663703992007,-2.0222436775118555,-0.4117594614689175,9
-2.920854139543178,-2.5230376687408524,-0.7226030140143024,0.9026413558161034,-0.06970387365368043,-1.286997313429076,-0.4853915714458618,-0.9266598120827153,3
1.5306223097756013,2.240145399675227,2.178965190890262,0.4414884744506627,1.072121482543405,-1.9565133609121081,-1.9057427551177655,0.4647318028956389,12
0.7934647576094985,0.19722623072021106,-1.16744627555004,0.5779555775402967,-1.8526900770024086,0.08053042948380447,0.621680788737577,1.0423825902070847,40
-0.5708694350480484,-0.7405042942890175,0.7788799967190636,1.7821620849448083,0.09361056729750752,0.48990546339703844,-1.3949680130014444,1.7706293123853432,8
-3.1773624356345365,-3.3144249120263383,-0.019402029375693575,-0.3280468907531549,-0.0068607953332967715,2.397258068743612,-1.1596489903828227,0.7301195207965429,7
-0.29875248466164606,-1.0679245037346345,2.86589545152162,1.3605575300765,-0.3205153438065284,-0.38853663248825976,-0.01886459127001858,1.0760155591334244,18
0.3331507024570357,0.355937526631173,-0.18076366285199008,0.018541047808133614,2.2376825712489845,0.21299521382208444,-1.0459328595949131,-0.17535771284228605,20
-0.13875806699050547,-0.0038709318449225705,-0.18415169196605596,1.1345533644437216,-0.3712418496280388,-1.297553673215459,0.24398428032063574,-1.4356220271482276,2
-4.539004405608893,-4.794120450265928,-2.0152976198377646,1.349915874434614,-0.07781828197297679,-0.7992046642781341,-0.39264283773708464,-0.6096782416987143,24
1.136212784939407,0.6282252770500988,-1.6750818905357776,-0.7060277881099468,-0.6840769574060667,-0.6184731758218054,1.9540111595448422,0.37595982783133775,42
3.188496318848858,3.2429307668369107,0.15696545814694118,-1.5694344418032673,1.2239844244341889,0.389500676524019,-1.2233125384249235,-0.567363765966853,8
0.43944308954810063,0.7191870254541048,0.750926556671081,0.9934736893940372,-0.3505542587683657,0.3533556091727435,-0.8215038974816365,1.821262280674007,46
-2.2498123468843843,-2.9495778472375513,0.6337322416034183,0.17017367083491763,1.1962443804159248,0.8298810632838923,0.5654806838913449,1.1571738717535052,27
2.730255251755158,2.671136081539667,0.6122930952544816,0.3651443576607661,-0.6611378320283524,-1.2231343455728678,0.11384411226891279,-0.1900565689488396,9
0.4425078578124584,0.7052997966835484,0.5901811813587502,-0.8142197326432581,-0.6451756063609136,-0.5484307528013046,0.4420200824109161,1.6498058513239167,17
1.8612986833922458,0.4844783324831661,2.0511920215890527,-1.2584943460208136,1.6898649255417653,0.2745208228596254,-0.2951999483101708,0.6169567176229408,16
-0.6444071118368391,-0.49722660342366287,-2.3510936358483434,-2.051600774483963,-1.1110751986958232,-1.3634140885111197,0.9442529593185036,1.5646682465765018,1
3.5251227771575215,4.352789854993076,1.5341247571901517,0.2426525002488894,1.0847268365608853,-1.0030725219314973,0.3432341066915047,-0.17070435476630721,10
-3.20207120700912,-3.838074804284044,-1.4531353834217497,0.6294706965704844,-0.28092983561162876,1.168403599314848,1.317732865378831,0.7484949033937804,22
-0.9661585568697075,-0.33861354770691077,-1.2673301093619165,1.3880463324845058,0.316133405827578,0.7298106216841612,-1.359310212351511,-0.2186306366090066,34
-1.6912247527664461,-1.8445374401651997,-1.8789231863752878,-0.003085361923849363,-0.3795416870387721,-1.1813947647824083,0.2501884722733235,0.014034530043699001,20
3.9370775858862483,4.222576574293077,2.9999884726459936,0.33213928366793904,-0.07131193986105681,-0.3898430165508273,-0.22656145804880187,1.0967830980776427,49
0.672996620657835,0.5856547456647054,1.8138558856736646,-0.07746278375996367,-0.1882205639709187,-1.0536885805198377,0.39678070740322446,1.8258206717470393,19
-0.5907983809686457,-1.157372591653619,0.09927904002075692,-0.5358891177554814,1.1591203688932654,-0.23648412708037725,-0.9443035989413577,0.1224818659138857,46
-0.9246487686659045,-1.7693889811392962,-0.6679468234979358,1.4162576940144271,-1.1702632760242642,-1.3736264556796598,0.8077714624314875,0.28705821438960233,49
-1.7561420791530393,-0.6012510823827217,-0.8059576120133529,0.12920087434757868,0.7868021269735209,-0.6654184170182228,-1.336627131496671,-0.8373634011688007,2
-6.4948592492574555,-7.156838245395155,-1.266110638606806,0.6338284515052228,0.946250400180406,1.087868222470458,0.8848692495166522,-0.1980091303587746,25
4.354326143250804,4.213140031012406,2.735234825840954,-0.11249798494479439,-0.052121012753939676,-1.6729302792129421,0.545442615544389,0.477205095443121,46
-0.7652094831917771,-0.07786863401018929,-0.8153380206860544,0.023290910468908434,0.2844345054080156,1.4314923111282718,-1.8050313557548228,-1.1892526861586228,11
-0.4414020265279068,-0.3017049563029137,-1.3608836534349773,-1.2879868168027393,-0.8574178993661731,-1.0143313482047056,0.39598561491536705,-0.40898673612976527,23
-2.536861202258493,-2.460004553155855,-1.4669357583488036,0.9097905884653404,-2.5614183039261107,-1.0960082194846097,-1.943015695002254,-1.0610733586269003,17
-1.4943768032604932,-2.4855706154901847,-0.2397528990146378,2.0870681067120054,0.6646338533716794,-1.345198730919751,0.5631553812380652,0.19433041642515125,7
-0.6597251643674755,-0.9697819046766201,2.0512717057555863,-0.06066151418669046,0.8565301819708852,0.5572021829491528,-1.6075110309941876,0.8557961978941948,11
-1.9402602830707256,-2.598219712145752,-0.9383357926624185,-0.22397823804185493,-0.8016604228145614,0.8419196483476094,-0.07258199348270475,0.32902212668463404,15
1.3817547616606294,0.49784769456361977,1.8090494349305613,-0.006418915311263839,0.8189797174819102,0.4019106625660951,-0.2720951128577046,-0.2618521242163109,23
-0.09418564162543719,0.075111338779217,-0.6654834256467638,-0.4719347199431394,1.4576836328740492,-0.5042289113436123,-1.6295868643325038,-0.9582671766407382,25
0.5465403972700649,0.9444380835798342,-0.008756872843551922,0.43567045980509406,-0.6394512024358237,-0.23278815757959814,-1.8589349668135733,-1.5359218050123884,27
0.18085819058867192,-0.20313644798029507,0.1905612069616035,-0.25237241347645656,-0.6681750500243318,0.24033736231969427,0.4994985409716943,0.022576511402123942,18
2.134102327019997,1.808829895490304,2.815847010294286,1.3237879076302146,1.8783909417476135,1.4502671025682148,-0.4848943962826674,1.4562216732617934,10
0.23880779838404997,0.44142490307963456,1.765275095038318,-0.1740015739509791,1.4716191551730848,0.42318524729084606,1.0875184223372767,-0.24962642443577743,30
-1.7656003194422283,-1.343288267806168,0.41941765688947286,1.8146615711515626,-1.2713201795572895,1.496538777315568,-0.04876568099641598,-0.05802977338702217,16
-3.3799892080023346,-3.903438646611419,-2.1344087342141647,-0.604077139943728,1.1680789478137485,-0.47021690422232076,2.7581723158836526,-0.41859904364284456,4
0.9960187612058596,1.5603561346392356,0.2514579472187123,0.9210212068614791,-0.28394831718745356,-1.8962145302011206,0.17581586648981734,-1.070535859761322,21
0.8404712862472162,1.290983604128654,-2.372453443181249,-0.9763174520878252,-0.24294495390728713,0.02442241126981298,1.7687737805207542,1.0231409836845482,30
-1.818467731109322,-1.8237505276384471,-2.735220457506593,-2.2580650562953344,-1.2081110031425892,-0.7371973444616583,0.35224063347661166,0.6828364256611203,42
0.49708953602771433,-0.05330830824142008,-0.39563403120102036,-0.21328048702568622,0.2226527253295453,-0.8274129679900262,0.08707456711340664,-1.4030925182355674,16
-2.7037054805013168,-2.4339201054208677,-1.2782209710835333,-1.5293186712004705,0.3050040876800418,-0.33449396821454636,0.5449825558715616,-1.1786835674073664,12
-1.7033850470597347,-1.3732661872044991,-0.04553853906233729,0.8951407786589313,-0.5298076009231518,0.6501917252226309,-0.7541676835647698,1.289013946078662,42
0.6002473141811787,1.4527107784023028,0.008313478623002413,-0.8972790452068193,0.27026924025392557,0.09093462969685896,-0.6427683579952888,-0.8341635991304772,26
1.6565094984573852,1.3556121611815797,2.038584012654384,0.45322304576936734,-0.9406396491453145,-0.1224873163076642,1.6634520711223282,-0.03753792130467441,30
-1.3021315564802816,-0.5345265603355586,-1.5745929829369552,-0.8544425256263025,-0.16161900143707808,0.6268209970250016,-0.18532620815972664,-0.9767459269094498,32
1.0109276569361654,0.831201071456826,2.1276024082481606,3.006338720830024,0.035558670538491106,0.7203599765641123,-1.1461792511694573,0.31346234695710967,2
-0.18028893493019926,0.07054363475108721,1.909344968963858,0.11430486091566606,1.1426437365586213,0.46600881442473513,0.5208824905007756,-0.7435391555407443,7
0.587460404540381,0.5253183126725182,1.7140749959355261,1.052796723183315,0.35873479464175845,2.416956903951158,-0.8303724957781492,-0.569739280113381,49
-0.8293995082952255,-0.7954405376881876,-1.5982461321408672,1.387684306329739,-1.7120654806972453,0.3032170907094628,0.08962029659502097,-1.0559258253110857,7
0.2473141998410262,0.9587515870027158,1.706559626926327,0.08037574176201542,-2.217222232643531,-0.8642341294226705,1.1510315260167614,1.8205941836050055,10
-0.06922923949072773,-0.4105966289435225,-0.09583827334288936,-0.46100994099857756,-0.7365067704037459,0.13285606964374605,1.3101427647977284,2.489896395154723,36
-0.18554697022453304,0.21330772973355833,-2.2724384865879266,-1.8019341514295795,0.7536254604558943,0.7819850013014497,1.8414989323109385,0.21979785298707302,28
3.3330418294016884,3.19481828750791,0.9665020400213913,0.3580073571381293,-0.3281434847189222,0.008446657405163097,1.1919944753919405,0.6472629061011772,38
-0.36838320458409063,-0.3929875161985441,1.3682136421399225,-0.46372566485487016,1.1551074071183998,0.512296205307959,0.6767913591275713,0.5527060276443868,19
0.48271025869309914,0.12522500055901303,1.1625937847864392,2.0076505987928392,-0.3649880117810318,1.4624963957367305,0.5691758230187128,0.013578714164354239,21
1.2349024701884899,1.325926952309557,0.3291073572040453,-0.5743908047061752,-0.1665380417538841,-1.0436677628222562,0.3204400311556747,-0.07700052378793215,28
2.5564102743339596,1.5727995519643814,4.642530865405969,0.5311942797297956,-0.05453762859915175,0.6292566929849601,-0.014280251592714486,-0.3366148019818636,14
0.5233346521079267,0.38975121781130484,1.3159184464318052,1.5025700539655917,-0.050609701262380756,0.38746661570299124,2.305283634622752,0.7602069566197694,6
-2.792794903326034,-2.3037398755218477,2.3243628404916548,0.9088470592875468,-0.05330673079262688,-0.5437236200779528,-0.04980584771266988,-1.1645994550878345,21
-0.9743903190225676,-0.5687275387069078,0.3748374575244663,0.36488324690612706,0.5115113157608222,0.789397204758163,1.7073772524819966,-0.7911534845842452,12
0.6410707520228492,-0.16076875385767342,-0.03864614995505988,0.8417964822074406,-0.6646350212200807,0.4529054914117883,-0.08858323169019845,0.6832388804565315,27
-1.8914091448858237,-2.4472915789442955,0.9420195693455268,1.2420768100636517,-0.45910188249727674,0.3708651684252259,1.248034096163692,-1.3352396832658109,11
1.4894278129009626,1.280695914461993,-0.6588020657063596,-0.6144809842140544,0.17444014489782944,1.7489352397690168,-2.820665939486094,1.5569876489969234,1
0.7219117597367268,1.634133567187625,1.310727456329971,0.1805805744376087,-0.9620131061989068,0.3536029807781416,0.18748790550664146,-0.2534403191712317,20
-1.3660034330687898,-1.5815652328610197,0.46618131302391563,0.22324906337750575,1.126278838634483,-1.3693131800137115,-0.5913408210986929,0.18807093021869523,5
-0.14106520153975888,-0.15145102326281362,-2.6224447468799443,-0.9117073450848773,-0.07099757736587457,-1.5507260288357234,1.6163991233195258,1.2805733130714,18
-2.366431971562938,-2.4926307031199264,-2.411469816891084,1.146777751283428,-2.023415764618847,-0.8254951717316702,1.5469835564550785,-0.03619067648650948,48
-0.9880160481084549,-0.8445825519715492,-1.6789207016213976,-1.4737991655011293,-0.650137704111968,0.8107328530325623,-0.5872469371628591,0.13475975413850466,19
-1.1282690645044113,-1.580601125463351,0.18861306605979083,0.6114637947388999,0.936256784754362,0.6124908241802909,-0.03402438644151763,-0.5543841358374725,38
-1.0394838869073644,-0.9179441603609703,-0.9331422142802772,-2.03043349683719,0.30988818614482966,-1.8432368817588898,0.9751130673150601,0.5022221965757834,19
-1.2135107154568323,-0.9852979269124322,-1.0391054760819454,-0.4969785625993517,-0.3859808218195729,-0.5376697170668212,0.352068779347434,0.6730815880339768,6
-0.49976392612005727,0.006938597969533222,1.2235384103724791,0.5005760473147538,-0.8036731635833311,1.7437589286658532,0.14906689994679623,-0.8344877802617142,18
0.461779414989535,0.023980118739320877,2.75649429778197,0.6073906175055406,1.1915673288044157,0.768165507685048,1.0333440613671283,0.6385954760342574,23
1.3946904257586397,1.83284009012681,1.689817953856746,0.9030902948309121,-0.034579420983080124,1.9768164309829686,-1.2581390181876613,0.9410544639061641,40
-3.4743007989372696,-2.5346228815151863,-3.4177164529284787,-1.0471618952037889,0.47054614562463726,0.01212797256012089,1.6757828499541316,0.46057476879543957,2
-1.4281405726556993,-1.0447631368008872,-0.8400955784018593,-0.2161490080383879,0.327091080715446,-0.7431540200173111,0.5122788489007647,-0.7102222960646314,23
0.4093384248913504,0.7415290246041977,0.7721772561000301,0.8792822812300599,0.7952756704814842,0.10617212674918235,-2.8287592458105317,0.9036489496819685,25
-2.8009721533508793,-4.0059230260451795,-1.2126673411911626,0.7476999690050854,-1.032766617332726,-1.8044084673220673,-0.8506117946960658,1.3200674194005404,30
0.8968887584601756,1.5507612633999663,-0.2685318344675566,-0.5729707642198213,-0.22887165828525072,2.506506186606201,-0.011821082832421682,-0.45933358321261997,19
0.9722411289027931,1.9104840363871811,0.8002781521533859,-0.22019487487811198,1.04291234931789,0.8559394469497251,2.3497926122054604,-1.7431370467180527,28
2.2124044164141257,2.8088881000595993,4.104182405286607,2.122971410898711,0.12549926393872168,0.6637945743181022,0.06464759709647881,-0.6666433548371093,17
1.974045494040742,2.219504869457181,-0.19675281889320106,-0.18521237921443404,-0.857632865515118,-0.9978404276803101,-1.4347758730730351,0.027208128344279697,27
-2.9583232978414697,-2.55321542443109,-1.095838235170053,-0.776540338092961,1.440173862947475,0.2949676601970733,1.4472753752818353,1.256887805372179,21
1.103017666559004,2.5779447845810672,-1.4523156694902835,-0.14528821240807135,0.026630869420769487,-0.5562335073791477,0.4814356953413988,1.1564628987231944,44
-1.585240540232044,-1.9388451715831017,-2.1991420409337477,-0.02465379614540295,-0.031255307142982316,0.6620033033555265,0.07842305124491968,0.6677763542487087,27
0.22387645408321144,0.02210359676557308,-0.7378502909578658,0.92203111240159,-1.629093235591264,0.2417804946581422,1.1391282802827216,-0.606526112268221,47
-2.973681286611888,-2.4341265294878274,-0.5647934207079138,1.3867457107898913,-1.0132865690647253,-0.24129247536931617,-0.29990366767895127,0.7403757028583721,7
-1.6870120700378122,-1.5637179041743285,-1.2888192554929352,0.17835280091453237,1.1119911409775116,0.6070164678060319,-0.021962890119383204,0.0023473475195443603,1
-1.103597032696095,-2.1713500839090334,-0.26821953360090534,-0.20979451018487075,0.510784537680557,1.0480483238407308,1.1003098161574982,-0.9728694674679571,6
1.2366772280455882,1.3440663042690204,4.25347347325877,0.400768338819868,1.8710277346963133,0.43371607062585193,0.5403053390119882,-1.7079874333276535,20
2.6575629823482068,2.826019147985975,-1.5984501496810561,-1.0414026902852689,-0.7746903833988209,-0.12400919725132989,1.0747146859690957,0.9702011983968987,6
-1.8251459597743387,-2.288328794671751,-2.0015361534029807,-0.19679476078616548,0.6326156546590915,0.3653600124727145,-0.2672827549970366,-1.5529527996793293,49
-1.681165151245522,-1.4965507885501728,1.1451219875037508,1.7280355344463751,0.823619611887972,1.4984762720554847,1.792702154117594,1.2103128023374152,37
-1.6571332433320007,-1.5384748278200597,-2.353692119834278,-0.7524259506376914,-0.41600189965113826,0.6975187638864927,-1.3206823800164673,2.1748092392869314,10
0.6094908428190341,-0.28203180512071235,2.016151217800352,0.10452431264531596,0.6408551541630099,0.2636086372310765,-1.2719645716566945,0.04280189677066685,8
-1.8967143600609735,-1.6448819399034122,-0.739640542244672,-0.6080470817594935,1.7186146302547793,1.1566930299611435,0.6131204558100097,-0.7999546735917998,25
2.161791654172954,3.2213862307042955,0.5930513698259656,-1.5417636173991869,-0.6031587695641211,0.037378844924261335,-0.1993450237162127,-0.6038262877745523,1
-1.0091899911865037,-0.1488535034416415,-0.9124091025021227,0.6948032877289282,-0.057119743143515304,-1.3478411595585915,0.3138331881573176,-0.6421588312321007,18
-1.0279322273544247,-1.5900515534820334,3.057006078791715,0.8468989133754565,-0.19189233631008087,1.2194984969296403,0.1514824838940064,0.37660174489244946,9
0.38590771392423096,-0.26995418901651214,3.9112949071002894,0.3190896153434384,1.0185551018510361,0.8526807396634271,-0.040648129276854475,0.971647631701614,30
-3.1130509352640456,-3.0861673106941594,-2.3219200118818115,0.9005638354348888,-0.49111278438287054,1.046763231905473,-0.9492020748076145,-0.7168652436869177,18
0.20640935384172004,0.34263987940350327,-0.7185772930329117,0.2221308497684293,-1.2286013658037462,-0.37569570299360044,0.4239174532727622,-0.3100501706442754,38
2.99736912550422,2.332816968498194,1.3730517722914415,-0.31828371771479236,0.4881399327071523,0.7045022216886215,1.4315903195307031,-0.6146637813008078,19
1.2609681634388503,0.8917187252886596,0.03950972030347566,-1.0944226703570015,0.7448824405310995,-0.04427419043342389,-0.7219518124941398,1.110901302018023,32
1.7844621944190133,2.45437828875336,-0.7285625873393826,-1.0345416334825328,0.8538997074512522,-0.7390768456241346,2.0156903836063185,0.9498069004462125,28
0.41400804283082493,0.5317730029102645,0.3548322654291509,-1.170156542888071,0.777785364062422,0.9208821041855915,1.6933287034859554,-0.8068459554505168,11
-0.030755800689710844,0.48015817748315104,0.2781624713573767,-0.6362821204135379,1.078507561221295,1.0242348893316793,-0.7244691319591682,-0.28572414096162696,37
0.3081624417978035,0.28958527660451977,0.2622891132402162,-0.49439589357314473,2.018741242138795,-0.03433372467185842,0.9305588579567569,0.16855052941982063,31
1.094120306575488,1.599555722460023,-2.190222190508031,0.2492811085451928,-2.3576353572829496,0.6597438266017376,-0.9747222065792944,-1.711993761216986,17
1.4513452461522311,1.1859915485764805,0.25225877906479655,-0.593079403978526,0.4652918543970643,-1.6816951193453256,-0.0004353575936122618,-0.5084549014048467,35
3.085938116759904,2.8264776466266492,2.8025837358195407,1.180420064165051,1.4803230414142563,1.912574524216181,-0.9717044854003339,0.14226188906443574,30
-0.1886716706302296,-0.6619935934057606,-2.383583255400074,-2.9211488432332007,0.6139751608358605,0.37220190173025575,-0.41135794074485255,-1.3372125268018042,5
2.5448686029564724,1.5914360579513867,-2.563219864350015,-2.987432118730265,-0.7015100007973512,-0.05457944693104092,-1.7339087606835188,0.21282567980321376,13
-3.676933606057811,-3.8766603313209953,-1.7828815225388928,1.450494269782411,-0.8003660256671172,0.23766147583469796,-0.03151880394096692,0.05363787807943643,30
0.8845423988071556,0.20931598080755964,0.6205379971326019,-0.02434529555709706,0.39839479709833975,-0.363369724094855,-0.9240396623662278,-0.5255456178400862,49
-1.4470331647727865,-1.6830280389289631,1.311820726846579,0.9257123291907081,1.0054847891318384,-1.3229398006622872,-0.7699255343471373,1.0035842828249362,1
0.5856166206485606,0.6526352672868541,1.8911025663353629,1.155137949066863,-0.709310144172163,-0.23659881457655066,-1.8496490258404845,-0.8923476876308659,33
1.0451378515766472,1.1268201823520358,1.3619080796875402,1.1605595203042511,0.13685800742032508,0.6134689650706217,0.16481492048880123,0.41569851525419504,20
0.5244997383110876,0.7151062195223525,3.2344428344947747,0.8274585538495409,0.6384625143695754,-0.49565844070590304,2.030748746810593,-0.23631371522529054,26
-2.1582596313504774,-2.358053112680661,-0.4503887126956043,-0.9078372139086776,0.722898404877875,0.8000274597960928,-0.23963188912626235,1.061885036881743,17
0.4993477593622795,0.46625286566402757,-0.6754614694038079,0.40064320174709295,-0.1439493082124342,0.900281251713475,-0.026707109842725462,-0.7444953139909853,14
2.2605808560780307,2.8293144255415412,-0.06448234364291952,0.01921082909805422,-1.3197939433408654,0.3273180938543858,-1.0147624342764419,0.5848356609237847,7
1.067776880862559,0.9865334799302202,1.5591303150815903,0.5503505601702687,0.8202648937671824,-0.8416969264787032,-0.34655749417732334,0.6007471466478752,2
-2.7092558299241953,-2.7004885488395964,-1.5754033339054287,-0.699870295356089,0.38101947195383384,-0.3950916850400442,-0.732450879963258,1.1000007414730497,33
0.9800695033361034,-0.24006250128607076,2.510757015189352,-0.01527676021038127,0.9881828887189917,0.44587657693615146,-1.4386495774045303,1.5569773365583244,21
0.5958479002484136,0.04294764928927752,1.5959937602350514,1.873994902842741,0.3453165267484109,1.7616815212221462,-0.7698944859781763,-1.452113670064567,34
1.4810596206256346,2.0190555773187335,3.6597613566416785,1.1191748833343094,2.5975367360147112,0.07814544410992258,-0.39523021765824906,-0.06326053781694105,44
-0.7805782507742061,-1.2158286969277587,-0.647379802241578,-0.021790538905512136,1.3663592104016657,-0.4466369918700575,0.4331311382867854,-1.0308308839107256,32
1.0454711840174182,0.5050429768431883,-0.41334238991045597,-0.3937956739491166,0.31571374278715664,0.44617527876148344,-0.21945412453067314,0.9458977690052999,11
0.19198679021127818,0.6662797554581543,-1.0902777551778278,-1.3242777955119498,0.32760200143191043,-0.2333663618939071,0.39846413305806366,1.319492152395221,32
1.5001804148176219,0.8847015362036099,-0.40051725714102804,0.049912169340899704,0.2530263902044551,-0.11098816205551194,1.4124793119595171,-0.2801102822764982,35
-0.6664072339114304,-0.1809997696322535,0.5539467461168537,1.147837317205602,0.5663637027483276,-0.1031702481587148,1.0414719474272365,0.24032724998730295,35
3.21724890267032,3.160862878545542,2.824540925741915,0.16022691754924243,1.1197777938781872,0.8684477947900359,-0.30501566357673265,1.268249182869492,46
-0.7921132222718197,-1.1108586407340073,0.8556889571001891,1.348163814933939,-0.04727250400677709,0.22787143595915127,-1.6567356547522236,0.20381579642854525,27
4.34943691310011,3.323561406477584,3.136087823881258,2.092786835994275,0.05569995272072667,1.7649668824035092,-0.07678165754211316,-0.11820787567979318,33
-7.043873794645611,-6.392344193519144,-3.6979799434986655,0.9342621218128538,-0.3302122433665757,-1.292923277694167,0.1929434494253429,-1.5736063883347824,48
1.980667534185287,1.0695008194109072,0.31147743307284614,0.7288100550779164,-0.602144569218419,-0.6052686200154868,1.1068817802249986,-0.6755704051385835,4
-0.4238626393724645,-1.044164099633517,-0.7249695639015736,-1.620068435749383,1.2787294648483685,0.20219409059869706,0.24895843323458686,0.9682108416596913,29
2.7267208645041396,3.1096327670147557,1.1433066912531182,0.12613199879648207,0.49333885555394397,0.34340185824407987,2.895793724884745,-1.3976869035112949,34
-0.02515253568355269,-0.6512777882082547,0.6873196028020974,0.19673949627533852,0.6157350185518524,-0.17080250670821928,-0.21693964790886366,0.28509936218035337,26
3.681027293535868,3.9244783508822376,-2.154683917882701,-2.460804871589924,0.8366720513286134,0.5259527222918777,0.7660789152284893,0.21744785368873568,37
-0.6112500632145232,-0.6388706630021531,0.14970186307972172,0.12703883234453422,1.6817742137737515,-1.2819282667742369,-0.8096548658662198,-0.004479583202920545,38
-0.8956501726589156,-1.0401951338199358,-1.8826591948386566,-2.7701161545349673,1.582138385452981,0.5159391668946185,-0.9012661005743544,0.7737974893858844,48
2.5411755867836465,2.0052218154898074,0.6669856866090986,-1.527095183005626,-0.3002841395429234,0.7195499962705189,-0.19543309775935858,-0.7132219036220152,12
1.7300907421655989,1.3915917037457664,-0.023499507604601788,-1.1003969417938975,0.655623062169883,2.2077187259289808,0.3050190768790849,1.3423251423235656,48
0.17072503235514702,0.2977003138910699,-0.23643968711179175,1.4847399677531492,0.0738960166058198,0.42533481532149353,0.7905808930855891,-0.4136343495149813,47
4.188644205942352,3.6902805614222736,0.39451162766962167,-0.8369858384481131,0.23583261554890564,-0.22526280441068303,-3.052568459106524,0.9852036177417017,29
-1.1739693612187438,-0.8698724983300979,-0.6484067824260015,-0.8824686901011696,-1.2288787670881638,2.021266910550495,1.2243840987507073,-0.5531717808678941,30
1.2787113865883815,1.387694697520305,1.093336853903216,0.19010012776218294,-0.91050456561304,-0.31392955439760317,1.5962675998104843,0.25924768208938603,9
-0.3505974219618615,-0.0912163656971336,0.607387542254967,1.5809453589859428,1.7132731325236972,-0.5061324090926377,1.4513824025586377,-0.3119640703221558,17
-0.8520010758478321,-0.7470965260027619,-0.6774243520967194,0.29826430177134905,0.9886951096286015,-0.2399873861352733,0.947156605281293,1.6261863408889086,8
-0.544416243105129,-0.27459233366036934,-0.9512805316052967,-1.0630878451378662,-0.8642767158524701,0.11437302502906423,-0.028628682459532356,-0.9949315654078749,13
-1.4974516580523345,-1.3183832230073762,-2.1235493991618135,-0.6630027772811639,-1.1828417114615881,-0.13087447081177708,0.6534236041912133,-0.6022222008719182,11
2.1385980848684083,2.5392701402489384,2.8239196064057106,1.028323816323619,0.7808837065817362,-0.12405695044108102,1.3844818981691198,1.414724134560059,17
-4.93771840676099,-4.760324253600601,-3.05116084529889,1.996850640956277,-0.6773676908419229,0.027704229283428247,-0.8798984097117895,0.7870688207853169,12
-0.6455000318245367,-0.4954159787273976,0.43847852350981187,-1.2531409307293766,0.8743783334659762,-0.0221729283622593,0.7633035359416822,-0.028650231599279208,49
-0.1512195227044717,-0.6179031496061952,-2.630112224057348,-1.5679958453846738,-0.7204188936162086,1.8843844994816552,0.5974476142982335,-0.24177473681493994,40
-0.6213759648587915,-1.4904797405261192,-0.24500358708295877,0.8178635466884663,0.2106707181306304,0.9583477349774966,-0.04813153277858584,-1.230867987129811,16
-0.8642561197297982,-0.8494738319084201,-1.7296003225933736,-1.4858183878608449,-0.7213620498902596,-1.2168096507461048,1.8850091549407253,-0.25479725933172376,30
-1.3371150700909602,-0.8706192784896352,-1.009480834858484,-0.7222861970403801,-0.28093488174910736,0.6239343971994349,-0.6074128979610772,0.35047419623912296,6
-0.515180709000662,-0.9883929394886871,1.8428322193779407,1.0977055036217007,1.0695748027226968,2.76257919987858,-0.8930692532318777,1.1682096084455202,7
2.609670228491815,1.8085015282726808,0.7696229341859853,-0.39250361823648655,0.07810595681434138,0.6014657034725586,0.041086766095716834,0.9078855281300819,43
0.4455551038611371,0.1625962832320234,-1.8121937619772666,-0.7255803382954916,-0.18906023634464988,0.5014699117098869,-0.5428231383516048,1.4065143877119486,28
-1.763330457001437,-1.5951313123804314,0.019711508595713856,-0.7808041027485129,0.562177509311673,1.31092043557134,1.4256161460683985,0.3780913983466838,8
3.010370014125048,3.4246313363626952,-0.6737923177205378,-1.0126215464343535,-2.1732132158463235,0.17632613745047504,-1.5788847224772395,-0.6774886100879739,22
-0.13849394590981026,-0.30964233606653413,-0.3521004509683601,-0.9399567544071483,0.2646209463609664,-0.353623923464739,-1.2284861641853244,-0.3275380130310857,17
0.7866565549721329,0.18995533665560926,1.8311160790878465,0.3937044313109238,1.2149063816094194,0.9024452334453451,0.3937610052848299,1.485538573071904,23
-1.7938685640945211,-1.8354399000303523,-1.375180537532304,-0.2646639258807493,-1.0708206980870174,-2.376627524280156,0.8281065518419805,0.11242570869756391,16
2.096159905075443,2.42334752194572,-0.3794124631974223,-2.0697366409662266,-0.7030227297917956,0.1809273608714227,-1.1065995729085476,1.369799126513477,8
1.0480042055155878,1.0104566289825867,-1.377301925776524,-0.5885597225677697,-0.51182617338166,-1.5085936724128481,1.3804655676502924,-1.5206042215257844,8
-0.4206510680171492,0.0714153911404301,-0.4128472420817535,-1.5629153446789572,-1.6395935136068656,0.6859172565510107,-1.8413329213485534,-0.46363028828635383,11
-1.922555047528469,-2.184202824066658,-3.2796118986079668,-1.8996485158325034,0.7346594415402247,-0.8371628832195582,1.1071388165558795,-0.7628332110405553,9
-1.4849257017366626,-1.0627217520850274,-1.6668460743689528,0.5882408312274107,0.2898967762113434,0.7978778395172552,-0.8141563797925746,0.25941372584451977,49
-0.578917395330152,0.22437714686808663,0.4001756796101029,1.2255825111764669,-0.7355413140220001,-0.9250470024688997,-0.399845951085463,-0.7514294355627118,42
2.5377798493258057,2.031519670465769,0.9646907301800356,-0.39977452831183596,-0.734997553074779,0.6854290930641028,1.8728874441921606,-1.272231268087194,24
-1.2724255844478365,-1.7156222972287996,1.0740084528397182,-0.08649564809757684,0.028762181566154482,0.43498744805714495,0.009322222127491508,-0.06619933258870993,47
-0.5280203484908566,-0.21589299168021164,1.2564457333808894,-0.4500808123011977,1.1086743737284241,-1.8110491662815664,-0.5745693465955988,-2.2033026328285805,5
0.25117506175124443,1.7924319897306957,1.3579496274175233,0.24653480217372642,0.509479626847757,-0.7509718150824466,0.30973537332762957,-0.5632567803080638,0
2.76624076281128,3.007482423441241,0.6785267634378325,-0.6779616615988984,0.9078713836665313,-0.3084605006396286,1.9570688852243503,0.4189414319676968,38
1.7870676416911304,1.7630177187218894,-0.38142192391518964,-1.9024669439629562,-1.3348118544589933,1.007309303841496,0.13511885705658078,-1.102201869910302,19
-2.51015152077188,-1.8698278233696644,-0.5789500149790255,-0.8706991890546425,1.3071869780564696,1.365546136233402,-0.7048262270657393,-0.04328810309431022,36
0.7861825830989314,0.7191485050148154,0.0706404500030583,-0.19672814829417887,0.5429599091788365,-0.820114954388572,0.27340884935677745,-0.8445874217884054,43
0.3153787845606606,-0.4998599642810134,1.6648911698809215,-0.3993490428373743,-0.6938893744028575,0.5863413200816509,-1.1746935985652895,-0.3261043796894901,47
-2.16946050059644,-2.654813534923278,-0.2207424237700477,-1.2760725059015505,-0.13129125060403146,0.048386815763573836,-0.6236215153748014,0.24011483051743995,14
-0.2697166227725701,0.3906815112826691,-0.6100631160333759,0.512630458292616,-2.1133059454371845,-1.7818840875999196,-0.5054741591539024,0.4598334002538337,31
-2.684956334847957,-3.532649496452861,-1.9575430636761801,-0.878847851350943,-0.2268665869604361,0.13364397176593268,0.7081415306773159,0.42774972148306034,1
-2.279445949542268,-2.9983289373869235,0.4601953814309389,0.18569385219082407,1.999876813552786,0.6440871773347792,-0.42687215812338863,-0.7212887775162745,48
2.572618840749344,2.969730985198805,-1.0158865205801617,0.5769379418492804,-0.4931247874762429,0.7704088483754195,0.5410023945981293,1.4855141775739413,43
-2.674060227657028,-2.610845480930081,-1.5101599482443568,0.6782768888431541,0.6573480920259208,-0.12209640939171276,1.210150852587064,0.3254827920591328,23
-2.2475913359045356,-1.6565321589242306,-0.18931249895311597,0.6096408032605495,1.5050717295958815,-0.8029126403615515,1.6362530253329928,-0.6189954022450241,38
-0.5892153445623264,-1.127091005611334,-2.116067410197205,-2.1580102386729547,0.8032121779021277,0.7171275959169506,-1.6303722793039996,1.3073538467670343,41
1.4653232025014984,1.0889910462490833,-1.196656757802738,-0.2418668210227614,-0.4533381418085403,2.726953812275584,0.003703201842991787,-0.3749157108572308,1
-2.857640021848454,-3.0411963198264096,-3.6552449746933213,-0.47470456938411293,-1.2244797353436938,-0.4877481675466575,-1.094129680461982,1.9103257903457649,27
0.10138021266295144,-0.5246772226885486,1.0781253018701418,0.48467038009774943,-0.621426690905109,-0.40085591341750293,0.6968342658552098,0.8328955024604467,37
-1.0067242407766865,-1.1336375662545377,0.881981609171964,0.28886304043047695,-0.44109916212572436,0.11129611281035942,0.30608643752599185,-0.09065321915245535,36
-1.6237541170068315,-1.7196918064291782,-3.223568661702944,-0.0571181226025181,-1.0710246993011026,0.0554513545893319,0.04544758089047447,-0.4529144145425339,21
1.3457271916211193,1.765951119433989,-0.06529498748911033,-1.1692648132646397,0.9096917823021915,-0.9429297618573168,-0.475176595976018,-0.7952992816286887,20
-0.7725972386914992,-0.82665728631345,0.03339854629087324,-0.25348019668045646,-1.82248378052998,-0.4609076071344951,-0.9099798075887701,-0.7462356824604175,30
-0.44937197092019415,-0.6593454402813721,-1.2987694861966632,-1.2582828015480494,1.4644132467485296,-0.13825344015723115,-1.6359116123484994,-0.2540552560842149,12
-0.1869916762094329,0.04857222625387883,-2.015537610746805,0.4999488286509184,-1.7549122510029962,-1.2491661468991027,1.0190535763417865,1.3285534996372348,7
1.9165708730075937,2.4571085528501415,0.252341904498482,-0.1878655077595891,-1.3662960864952054,1.113216396072852,-0.14573348425576793,0.19272160299604277,17
2.080890258706146,2.5878635817546147,0.8746674536436172,-0.4202217206375118,0.12771374110222172,0.27951837560037746,0.0851369294608408,-0.06091110331104709,16
-1.2446525331067215,-1.1173336015778956,-0.8042528276893625,-0.1702083145625332,0.7458682230409177,-0.6892650218748705,0.3730622986253901,0.4316471847331604,15
-1.4603945641156066,-1.66031923703104,1.7854403870627091,0.3402242188508071,1.1637747779822822,0.18801543898670015,0.8432361636420684,-0.28600187577369257,47
-3.6782930207668407,-3.9243734836711814,0.37062089959404876,0.10040838672425138,-0.35244913207763007,0.03378515139213945,1.9359084895287417,-1.2022276454137246,34
4.714772311878524,4.053125842636454,2.6795424629148172,0.6442771444289184,-0.2662916778828762,-1.6870226032875446,-0.1254737066949188,-1.4253383690704176,22
-1.7546241987343227,-1.7314510898734106,-0.9082299439692251,0.13789934170730786,-0.17214400771727692,0.4391978139142354,0.705406324023124,1.4067626661393573,45
-2.277677691287833,-2.300515693348165,-0.9212949152955145,0.014904054570178373,1.5297076427394092,-1.2125374653324694,-1.579671411101969,-0.250372062225419,19
0.6552441254163108,1.4648528376869774,0.6268468677023696,-0.9828500339697478,0.6189741451806099,-1.040459194254754,-0.33999614501005165,1.585762885748939,41
2.1304404694511248,2.2282105326720343,0.9351598721417007,0.29589559152054057,-0.0418493367545466,-1.9626127594678255,-0.6553137664462645,1.875241803004193,42
-1.50793760592819,-1.1468352918742517,1.4443398961638498,0.6312603149667377,1.3239084424926055,0.17737449588042584,-0.5742056768584481,0.29816147598262127,32
-0.8734063074742751,-0.23253480808115967,0.3305527069356484,-1.4059350004609803,0.7489781064744752,-1.0520925957636995,1.2071496180288002,0.7768377774387606,30
-3.809814593547462,-4.751303992623284,-1.9877883460872234,-0.14649189367359444,0.3791230750501336,-0.7947335326305379,0.15987556370963227,-0.3256080172845795,43
-1.2217939863683491,-1.5540610796866832,-1.3601845114489768,-1.6929522653769682,-0.16817742235720215,-0.07119921424313813,0.11738308966716098,-0.10006461933455064,24
1.6181694638003576,1.4900315694394621,2.1420384595421886,-0.8682483932617168,-0.7960401511817706,0.697960866840075,0.12996324289416186,0.1074116989014745,46
-0.31322643739600636,-0.2641094775564911,0.46669667475734744,-0.11867828284947705,-0.49093728981669427,-0.6152683771282852,-0.17129505288161093,0.020993363082173467,2
-0.4003801384105042,-0.9761095752569999,-1.058192053944219,0.13539352532510893,0.061128773515504685,-0.20014235238538006,-0.1676762450345856,1.4986128035421484,11
0.33711873302793605,0.7540351019493228,-1.5229813953705145,-1.393562477530121,-0.3952931959991315,-0.6468123025843543,-0.5924427451287256,-0.0658535108948048,35
1.7048267694709502,2.1449952840937407,0.5821703160659057,0.033250673162377536,1.0984656233416035,0.8973415800408555,-0.48274244684658124,0.9081683009076331,33
-0.3114050271220863,-0.07173244832777448,0.5380095350433435,0.5952964576936541,0.07628106914715907,-0.34911736082080286,-0.3756092282928774,0.1476951514256776,13
-3.510430484320306,-3.1818936363684185,-1.1565489660046193,0.2949306677470562,-0.49796621945450203,-0.36624255070373457,-0.13011964046212252,0.6416789651904075,30
-1.1864083515180552,-1.7439778495631892,-2.2337502012236583,-0.8546936644535557,-0.0866974023728312,-0.10945372085562008,-1.814766675036418,1.8281176963474481,15
3.91376350610662,4.4691187449975365,4.52591191994117,1.762782172284436,0.5050334432784918,-0.4021454897862766,0.1177993827160163,-1.4891182565790524,8
-2.7974669924394617,-3.1126206005467956,1.0001724193735644,0.7210417136659837,-0.49472604612412785,0.9499161426394882,0.013792544351012742,1.17363265058091,12
2.3814702264830685,1.4309953285710466,2.573347650847302,0.7231321587651363,2.7831397001366223,-1.0887228507593325,0.46485001709546164,-0.5818688908107695,22
-0.8942563701931749,-0.8431287209863568,-2.3013634496624626,-0.10598259485260533,-0.1461469187674629,0.25398491917313054,-1.0604875545776795,0.2251973579643529,20
1.3842323336734779,1.5843273928246406,1.697313759708465,0.6573989995311015,-0.9820284237185768,-0.738919691682485,-0.8793289130602534,-0.30607517432979375,27
1.198515322261497,0.8473243550743783,1.3386522680253432,0.2591908401372823,0.9056158766238805,-1.1231889214686877,0.8457907653633226,-0.4366214887717842,43
0.06427068882471892,-0.7718770509730077,-0.40398986510838186,-1.5394287841388783,1.075198175062744,0.7827258673665174,-0.6671473652336842,-1.3034645871421686,39
3.578159102206574,2.9943544581405113,1.6699110663388512,1.0187592590121464,-0.9760316410876357,-0.22802422773754072,0.5251844993259797,-2.5928911363246643,27
-0.25451650927967284,-0.34084133759231644,-0.2577001227964641,0.18540772827497057,0.3925666625243065,-0.1498996528742819,-0.6218919452744194,2.1327655317859326,39
-0.3732876507625823,-1.648642528180161,-0.7160042832050872,-0.08258550819961474,0.9445615382704726,-0.45446688521190814,-1.1442213103321521,0.8842000333745779,40
-1.2963396967105647,-0.795341991308407,-0.4190585414622203,-0.563585140163913,-0.450265514537212,-0.5274693971235896,-1.4002963444347543,-0.20493868639087104,44
1.2496721985376757,1.7375246963001982,0.8898103235103193,0.09242850092860452,-0.23601918957874973,-0.45758018093505454,-0.5580698284227811,-1.8004102019501849,47
-1.6236014864884545,-1.7239906736118007,-0.061493446882584624,1.3378025704152832,0.2567113319694482,-0.3592221402305666,-0.42083424974622163,0.6929372766191054,6
-1.7122577431025319,-1.1955304301813454,-2.83545220036271,1.1836552151211162,-0.5647392000998904,-0.03553064666446617,-1.1694478875787189,1.5858008196747184,35
-0.8516902018818497,-0.9444877833270666,-1.1734789321603976,-0.12411054957886733,-0.5868216358048319,-0.4034386631997141,1.4573204225059149,0.4594896144862017,44
3.11286484585626,2.5361209723116063,0.4079460689012157,0.04660217575618373,-1.4120399207200647,-0.40843085117084355,0.06873275880703014,-1.6587247427975627,6
-1.494670171724814,-1.1903252614346256,-1.1846150136384817,0.20559947192876823,0.2306112719129167,0.2516444856806602,-0.8335453367223946,-0.48398845730180085,12
-3.206306177681425,-2.9377398340320564,0.8923717680378729,2.2116557072339673,0.6038459354740661,-0.17177137655599742,1.530173073947327,0.2917438664638918,10
-0.1977545552763904,-0.6708610177469828,-0.5136181517496688,-0.15073238784289952,-0.03675399382046545,0.3823622765240835,0.8667942757715802,-0.04123248564069053,13
-1.8964262346451541,-2.6103680015214867,2.7056042164147596,-0.31857301938511307,1.408201052598466,-1.090998018688886,-0.7042249790142896,1.1273970835274894,1
4.1091758315467946,3.60819601312392,1.129250883575991,0.5690600337657465,0.44586774326457024,-1.1273861102497054,-0.9694895717679329,-0.9270723626447187,33
0.39142537281185064,0.9629048367807262,1.0719335659852378,0.565255635002732,0.4957848546062626,-0.64594264950417,-0.13592346551789306,-0.6044912457859495,41
1.808862073303772,1.6462475027185346,3.0145569979204963,2.174059171744414,0.6428139480558002,-0.349553321359982,0.7699081541129879,-2.4319348435761405,25
0.025031510351025854,1.415084159955639,-2.3387072461969995,-0.49149269798255707,-0.7447069496487372,0.21064018574563914,-1.3423925750408476,1.1482735687777688,8
4.269937958748848,3.9311076853026465,2.508059178594993,0.022931130066995674,-1.381023991385788,-1.026858882018883,1.1902345182734682,0.6592630317183238,32
-2.4397222998894854,-2.1492383748083634,-2.478730831077513,-0.7168118815794882,-0.41986553958347017,-0.3808791863052942,-0.331771900739289,-0.4045858003757288,40
-1.5941845746899959,-1.4448514389046698,-2.722323099368409,-0.6719428278726988,0.5735568554938033,0.8661999531598533,0.8775153023654745,-1.7556224332573893,24
-0.024279800312575716,-0.1468662757396887,-1.8479462397537003,0.0340711463647341,-2.125458547813613,-0.18624697395288087,-0.08839351121102704,0.885638483328486,11
0.3892834904844051,0.7948685952379091,1.1272158917256685,0.4962890332919299,-0.11383827246389835,0.22183458181890967,0.5330868164403763,-1.3816156523541874,39
0.4323781444129937,-0.006069292870813259,-0.12684676675388828,0.060229408831395076,-1.4565868386611927,-2.443559713702898,0.6868127937520273,-1.2444903174507418,44
-1.7045349159972114,-1.7433413596875156,0.6764118515187252,0.5529529394749412,-0.5338534055510294,0.35638676812232917,1.3315164882324142,-1.895419014641272,16
-2.2848017738453064,-2.881234411266579,-1.088622144867472,-0.32708785484254715,-0.19991020616226407,1.2632115501253547,-0.6528234195488252,-1.3960932630432537,3
-1.7397073896067115,-2.8396076863190087,-1.9431765229695577,-1.1765431096557746,-0.04812789786873957,-1.0772716724294358,1.9286566297424066,-0.9227250272821622,32
-1.2038144806684061,-1.1804705228344565,0.18674709846472015,0.029321992309189786,0.4136599687820825,0.5801850250730702,-1.2079175297459959,-1.0686130331943144,38
-1.219352684313712,-1.8016056902198667,-1.0637823214015065,0.10424735534636805,-1.3496376995894752,0.19343785218801698,0.3639778151873042,1.10805389310453,21
-0.735985710244117,-1.3965585484177518,2.5413287251358536,0.809227817224056,0.9062399017610442,1.9951840608932059,0.7255118065016939,0.7240028183238079,46
2.6590175849569926,2.938053715955581,-0.7830736770440965,0.49563178497929294,-1.0059795741130073,-0.532345321015553,0.08083363463544702,0.0883612225790327,7
-0.061658216338011496,-0.15403970855678245,2.5945000637535784,0.04220993361109767,0.9556576609021872,-1.1234008096910986,0.9337862013102141,-0.5568191570563866,23
3.1946638293094987,3.3761099260095415,3.6005767816044045,0.8288126120807392,0.5800224979350849,-0.8641989912501771,-1.543142933054093,-0.03460289388766701,11
0.5387109381176239,1.3905043170922968,0.02429754449750765,0.5387355774970884,-0.7637781934726176,-0.04238837734315593,0.012689610528571017,-1.3111153039056755,16
-0.13139311458740235,-0.05256286383664893,-0.17693983161475058,-0.32603339677638005,0.18614060500649365,-1.1584317084735942,1.0447509322777673,0.40600234477071717,18
-1.554127036435802,-1.3389665981070282,-1.4276128692309058,0.4609428306308168,-2.099507954451863,-0.42414914504861395,0.06997111472414237,-0.9265314554595956,29
2.4873975009925107,1.8821827628579473,-0.5673545357053172,-0.5751233992611179,1.4577120599880091,0.47106610300552304,-1.0339854516046423,-0.5025351975397895,39
0.1643934736066805,0.5713809665039806,-2.5716976455977965,-0.5008133100499411,-0.8864432907427384,-0.005791163978434671,0.2160112564546562,0.34469807061071683,46
0.45062817141105604,0.8653512948513136,2.361091279790265,-0.6358369959514204,2.0828607851497702,-2.671943961434516,0.2469046619193344,-0.869561151496058,16
-0.43781367273295846,-0.9720664749287692,-2.0518682389244662,0.023586364773757963,-2.3703069942826853,0.9464976093940017,-0.9181342064362848,-1.3848069524162598,6
-1.2138343243147374,-0.8969667865610091,0.5656419655886687,-0.8007308928504041,1.484106130685501,-0.5555523200587373,1.368921479118577,1.0271468486117066,0
1.3285230557650631,1.4775455111348001,2.0631549731059686,0.9889687497791998,0.154767528625431,1.084043065731722,-0.4695905011277327,-1.7231757566561052,33
-4.809401432801378,-4.926486594128742,-5.241006688845359,-0.016308569246801786,-2.859615568905119,-0.7252178150072511,-0.9544815295804654,-1.278246817341082,25
-0.033957290988911426,-0.0015845498122681462,-1.292041664614183,-1.5167292547148339,0.8600244730346559,0.47229150761393496,0.16762138967663961,-1.1690700489150425,20
1.2410454796969228,2.439763774695178,0.9626771521397784,-0.03197736364356541,0.3934345365053885,0.14926748136337803,-0.582751781456616,-0.7235321904414632,49
1.0941562038018198,0.7616066753963573,2.9652128067201957,-0.5800648856494227,1.818040630410843,0.18953526035081697,-0.12726404534802266,-0.13851117159648496,44
-0.9877938830802798,-1.164244758870637,-1.9152576564830142,-0.22123350307380085,-1.4299286598048349,-0.627409325119871,0.29428597643952487,-3.2238612542995693,24
0.49558458250357895,0.5364914971235096,0.6719805227854396,-0.02627827818399852,-0.20690924980020478,-0.49010811794539233,-0.34814043627775,-0.5011799265620515,7
2.3737636292179256,2.273885930091111,0.9778800547626333,-0.0858061764791545,-1.104385903799357,-0.029852787457715607,0.6468323220889438,1.4095668897864666,24
3.5101174870343486,2.589430544113781,-0.2535179181144561,-1.5063990603654422,-0.8545504000726332,-0.7387865384964148,0.3542336721491831,1.1961331192467746,38
-0.9249123014733938,-0.6111742907526769,-0.28458124365246623,0.7880004330289858,0.4268933435846384,0.03343689610794686,1.262491115696298,0.885570474128992,49
-1.0675898958857148,-0.6172207299997778,-1.216196312204076,-1.1298349860386334,-0.416745925132949,0.7227800004058935,-0.921424007058186,-0.08261098245554198,27
1.333426867593833,2.188094061192108,1.3740248129948631,1.1525598133940573,-1.4371810586869012,-0.44617016958084765,0.1293076469586744,0.21889090585334214,29
-1.2776996284872935,-1.5687804701652066,-1.3496259542212878,0.06535329235827078,0.29545158859874715,-0.028675142577764098,0.3182419224455874,-0.5575193939506247,30
-1.3037866653814894,-1.9428861385548006,0.6233253738919529,0.5988607302053671,-1.4097557732462365,1.4434967123916789,0.34730429408839336,-1.679537917911483,35
-1.7060841904940987,-1.3882642734178847,1.2057304147899592,-1.1232545622170154,0.020883869099240185,0.4616884934279079,-2.0083848717505126,0.3598814421739719,24
0.5900742917789975,0.06764916754543593,0.8512382411168412,1.0741140781407192,0.825582952310739,0.7957202571864516,-0.9857823591492758,1.0827703875356482,0
-2.5029053204235185,-2.513730695038135,1.9469087262608893,1.182051219592678,-0.17692697777142283,0.6813027319741284,0.387661342876982,0.30034741912405916,19
-1.5134874212910345,-1.724709045701291,-0.4232887320053169,1.4343162362628008,-0.7514066931651978,-1.36167709502069,0.6310371857954588,-0.0282726267696455,7
-0.10584953752075205,-0.020395758569731984,-0.7315767208701277,-0.9860270183465604,1.3150466425020335,1.1534604314723775,0.09812032361252686,0.8718554678018902,10
-4.334206552410006,-4.566682084581189,0.21503627992580743,-0.3686298662077229,0.20508755738356976,0.4238306813010208,0.24737941245414324,0.31988625001317594,40
1.0158418575448775,1.3558121646426178,1.8724805320475824,0.9727946901853994,-1.8189975951659847,-0.5583029233893312,1.2743978128766684,1.1295024661265587,33
2.8051406970309936,2.3363879867750437,2.759631428321019,-0.27397175909805477,0.2784881068052122,0.04738507067903997,-0.28028718723337376,-0.4266082129301063,4
0.9125229336755165,2.093729806840866,1.6476704824208221,-0.32640433219821224,0.25225713108081754,-2.4741640378532135,-0.6853601496561575,-1.8085071175548404,23
-0.21861918785773873,0.16202779671441755,3.737907066272702,2.908326642470616,0.7614319242288131,0.8216861914930335,1.5428675816664323,0.4920436325500246,38
0.48533713205123363,0.16368045314114316,-0.16362189171599115,-0.6492320127058754,0.374525388286695,1.9387543674697707,0.6720425729661881,0.8938686629647302,46
-0.21422324143656135,-0.7053393779879453,3.4564567187024764,1.7145971146666548,0.051386888055104905,-1.204088235126401,-0.0937289715447927,-0.7841584526039768,42
-0.47870491149317806,-0.5811709375776883,2.712435539972727,0.1350615257092167,-0.306111553953232,0.7945078118779481,-0.6355920262804471,0.23765891884385412,8
-1.2029215972193235,-1.446320084091986,-2.099746658740627,-1.2405031437805902,-0.19848944707809474,0.23939170042660868,1.6524091219921229,0.7283058414423271,10
-0.04081346735785374,-0.46246555857109733,-0.02878932617747959,-0.4644345784651976,0.9899664825743936,-1.1033917373237854,-0.20218555514807723,-2.752565123365886,3
-0.9790317541841362,-0.2902026134009642,-2.3371925574786117,-1.1979920765685177,-0.35273630748113727,0.7757911982430361,-0.730806873381851,2.4733926739303165,27
-0.8780637348638439,-0.40101457837124005,-1.3961138495578176,-0.30717756031401705,-0.5832142178864409,0.7528358333553932,1.3212802427140538,0.7850983878379015,33
-0.6318882389575524,-1.181693655327658,-0.029958083630370114,0.19719015794097133,-0.5208902623591715,0.10106430938853435,-1.3806224056302077,-0.20152007744955427,35
1.2133149871993105,1.4846350244513677,2.4268672923834655,-0.2456684097429175,0.5656603500267727,0.11970854554696746,-0.07808490016276264,-1.1708874451487232,40
-0.585290902981956,-0.5863038949305714,-0.9245382481881737,-0.7812893496077653,-0.47434186161061664,-0.41393317277224656,0.6883708376647347,-1.5960521896826045,23
-1.0985045782796852,-0.7215705111270185,1.4141224742346878,0.33774337837405755,0.3421090052529598,-0.8128893226471001,-0.21021512304826187,3.3744764985842943,32
1.4370598341104184,1.0987781572011286,0.9618496446636375,-0.19881988130190045,0.27795590242642326,1.0335330553576096,-0.43876901359114373,-0.33099435445221764,31
-0.7446432572159245,0.3123740242910995,2.9766248443683283,0.22208912905472172,1.8499880850863077,0.006838842012190701,0.5006345735850515,0.7058919587863373,23
-1.4200174872004656,-1.3889016801427283,0.5665980707729542,0.6860418631727117,-0.33009004627554267,-0.9698942051473278,-1.1269408578548556,-0.6687621477527561,20
0.14751928632306782,1.1373269850001078,1.8366922708877214,0.08407852104080357,0.44450495941239015,0.2920285939216333,-0.1416232454769337,-0.32947789713140735,4
-1.0909643447673671,-1.334700318699343,-1.0589862381147235,0.12119741439370284,-0.33614995752051874,-0.8028738280068101,0.7797922059013875,0.6632656133162245,39
0.9970282125152439,1.6640833047472525,-0.8051358527325745,-0.3059374651239232,0.4301768100654149,0.8965643315743214,-1.0091369183732832,-0.954459868667392,3
0.577355458627361,0.5164510355964118,-3.063752533009703,-3.1683906951439114,0.5653292409114559,1.018296587938034,1.43577338629103,-0.08070218270264756,25
0.47789832682946104,1.3040907528717043,1.8176162428705571,1.1914343517737893,0.3478638857229117,0.623118617984965,-0.13639362388352966,-0.20676044899675364,21
1.2063223464710426,1.1088669519560017,-1.4404517586209464,-0.4442494103101404,-0.10276406944027769,0.4858492787272697,-0.004290691890372241,0.4848616330725038,22
3.2414572177073238,2.701864151254523,1.246631634165507,-1.0682230007134004,-0.7759712540036959,0.17026204306862394,-0.3981004117407422,0.8685123091944714,44
-1.570981742178877,-2.1147743982949208,-0.5299256892756689,-1.296521319541652,0.03184782199708561,-1.4404024045807793,0.6384881475580652,-0.18296357816438663,10
3.13043046370295,2.8065430391779755,1.9497082723018662,0.16813503424180154,0.00815194386245084,-0.5574795855849396,-0.39748408183779627,1.4165961834609708,8
-1.5766011461757141,-1.280565897465989,-2.112193505251568,-0.9213651243104387,-0.5045543354806887,-2.1650585103965563,0.2936888319099652,-0.4850223823430722,35
-0.5280072550980466,-0.3465575682196611,-1.9653960246304751,-0.39906182244761573,0.09463635132608407,1.1359421944329848,1.3092181237475957,-0.394424497246604,34
-1.6918347460051961,-1.6383535854345352,-1.2260791303126706,-0.5062836571998535,-0.18647983566546308,1.3128755411988149,1.303138957533213,0.08475768784280838,4
-2.126062294012486,-1.6010274326257008,0.35005288907668375,1.6455702609663245,-0.486140819016083,0.9853454494332957,-1.4254586588789449,-0.2620755171040252,38
0.7382920105325324,1.5516270434508306,1.0562988250934293,1.1086532087088405,0.475725230539836,-0.9643226196199521,1.3970798223870284,0.7887171742241244,49
1.544753695668835,1.0370331171496843,0.5325542717431802,-0.9215014774459033,0.534535358867895,2.217778764224019,-0.41431396239027285,-2.895587525171745,40
-0.0281576615934237,0.46900972347972425,-0.47998985790358795,-0.19059639070249176,1.484686425686814,1.798167231754025,0.36782997105167103,-1.7983753536337237,39
-2.03621959609367,-0.8845943553777487,-1.2319626953338076,-1.216384207822693,-0.5933721476136746,1.4296221116926713,0.17178250410794985,-2.208941518330199,34
-0.08880403781651036,-0.40276624599573974,1.255118779602262,0.9172108474711104,0.5076339697610546,-0.029827959431082445,0.34523281016201535,1.4267382397595434,4
0.652524329363148,0.3646350133130575,-0.01496905195579637,0.5855143247915792,-0.6246729911138829,2.382653611815982,-0.5221113391710694,0.8347677180014654,30
1.5013640261441206,1.6989635818168736,-0.8728974150028517,-1.1247765576385615,-1.742920553036914,0.12399923908782069,0.6451954989487007,-0.7072642465586838,31
-0.49346680002019094,-0.383199395948119,1.3020829337882536,1.3671027298005645,-0.4909014346059873,-0.07035368422611629,1.0668420506986966,0.3939000128130254,34
-2.0386988171406815,-2.3118467598384127,-2.0952384845605017,-0.9989984573834582,-0.08990427100608298,-0.9946328767414018,-0.49925757972462437,-1.7956259932964531,0
2.331347461590453,2.2917342293854692,1.3907198810295363,-0.9812920913506364,-1.4328749556593452,-0.5451466023264171,0.052883455625328174,-0.3132236133549276,24
-0.4847149698261214,0.3157565804254301,-0.41502390002507195,1.768922624713173,-0.07498256002179797,0.1661199129081467,0.8694063186535843,1.5037510942692158,33
0.7967221204580158,1.2503198251533043,1.7381078735907998,2.126764878176487,-0.6276770913207449,-0.9772502657369381,1.126976931918188,0.6589140359151489,26
3.111396806274831,2.703762818242204,0.14857891850523464,0.4823364653843344,-1.2018495668376383,0.3004966366407254,0.3973987583420968,2.17242526941202,29
-2.591440592138888,-3.44913835573941,-1.1470206002852068,1.0913660087454158,-1.0569184231009663,-0.5197136686987988,0.3337481856359325,-0.5004220592052024,44
0.32971752846941826,-0.22702938001089634,0.6608630769000271,1.6123349229649848,-1.037307013158336,-0.6737289155866878,0.5446458146798484,1.1731098058884786,32
0.38503783498442423,0.47138981426974147,0.2060150712878193,0.20932782426690516,-0.32309288718842866,-0.838423894138094,-0.26360143076293974,0.11079302707435872,40
0.23272741922615067,-0.16344079860272728,1.5575302613157826,1.5182421068443495,-0.5783164288927408,0.29919875990621814,0.39800526343437154,0.3266487208563659,9
-0.13768552944421453,-0.5618865850476665,-1.0751513348104673,-0.41459174476501637,-0.24032564391359199,-1.3398924640314058,-0.20412721527587452,0.2648823211426311,4
-1.3220084844658504,-0.9649826661996528,-2.245476496138157,0.8714379772350028,-0.4327907709331163,1.2069327049168115,-0.2704715593598018,0.7877124784255884,45
-4.150807730451789,-4.296048828808733,-3.3718535901857085,-1.139274202057722,-0.48490290035565764,0.44059303955148016,-2.2459516742047363,1.3541603958759505,16
3.0594868950180825,2.865217522652263,2.2665668559441796,0.08628352859513845,-0.6510229744449257,-0.15060038400854106,-1.7005088960297707,0.06972392486895136,21
-1.0374707368964655,-0.9333535510298299,-1.0411236557694088,-1.2675397461921571,0.033175609618680886,-2.5696444692785105,0.4301132942789226,0.39207183444111865,13
3.435444565303584,4.157460616760132,0.9161288266592553,0.14664676406889435,1.2853323216928283,0.8401111997460812,0.796314406270407,-0.09564735398005719,47
2.831595877578681,2.982041440242115,2.517362620657246,0.79948631455203,-0.42365913414140216,0.4520536082983906,0.5045419125751709,0.3001384590769947,0
0.684388937410513,1.0264530337832132,-0.25129381692420316,-0.4067222225300331,-0.10689482828542878,-0.11620568544301907,0.16553386402154532,-0.8139481351574972,10
-0.643122013513858,-0.6050800924419801,-0.8002515705052967,-3.259542995442735,0.8699451350266257,0.41835633751249446,-0.23392552708434858,1.0280873227868494,1
